3.000000000000000000e+02 8.512817702130257658e+01 2.633982174168778556e-01 8.486477880388569872e+01
3.050000000000000000e+02 7.610737878950946822e+01 1.746583745031387025e-01 7.593272041500632952e+01
3.100000000000000000e+02 6.307949699172755231e+01 9.974848261023794294e-02 6.297974850911731437e+01
3.150000000000000000e+02 5.388248730655166696e+01 6.108837173479741978e-02 5.382139893481686954e+01
3.200000000000000000e+02 4.241358546271786167e+01 4.223902335222362581e-02 4.237134643936563805e+01
3.250000000000000000e+02 6.272192155418174764e+01 1.343057700566347989e-01 6.258761578412511284e+01
3.300000000000000000e+02 7.667355089239795518e+01 3.960896311963182370e-01 7.627746126120163694e+01
3.350000000000000000e+02 1.076351222915823058e+02 8.618353539955450060e-01 1.067732869375867608e+02
3.400000000000000000e+02 1.813387013526336204e+02 1.445431005305465533e+00 1.798932703473281549e+02
3.450000000000000000e+02 3.005961956484579787e+02 2.869443324389408190e+00 2.977267523240685705e+02
3.500000000000000000e+02 5.183066126985922892e+02 4.992795951209245686e+00 5.133138167473830435e+02
3.550000000000000000e+02 4.215705734372042457e+02 2.969162100868004472e+00 4.186014113363362412e+02
3.600000000000000000e+02 5.224813393539384379e+02 4.757404200431778918e+00 5.177239351535066589e+02
3.650000000000000000e+02 9.473837765869749319e+02 1.473194430695366464e+01 9.326518322800212673e+02
3.700000000000000000e+02 4.775548026953474050e+02 8.923645748689807533e+00 4.686311569466575975e+02
3.750000000000000000e+02 3.193762089778001609e+02 4.087121412127203257e+00 3.152890875656729577e+02
3.800000000000000000e+02 3.437873165103223414e+02 6.379326044137428653e+00 3.374079904661849127e+02
3.850000000000000000e+02 1.218432714641079855e+02 3.958705793042597065e+00 1.178845656710653884e+02
3.900000000000000000e+02 6.211779888468728927e+01 2.511681608299312529e+00 5.960611727638797674e+01
3.950000000000000000e+02 3.914480482060348976e+01 1.773493342266554862e+00 3.737131147833693490e+01
4.000000000000000000e+02 2.769530027772190905e+01 1.335685659090298572e+00 2.635961461863161048e+01
4.050000000000000000e+02 2.117445751350335570e+01 1.047364575334079007e+00 2.012709293816927669e+01
4.100000000000000000e+02 1.748396164702530697e+01 8.424331729169161065e-01 1.664152847410839087e+01
4.150000000000000000e+02 1.656192224939528757e+01 6.958100216667020277e-01 1.586611222772858554e+01
4.200000000000000000e+02 1.693388996290143922e+01 6.120668430830740192e-01 1.632182311981836520e+01
4.250000000000000000e+02 1.222375273180366051e+01 5.285606186404283591e-01 1.169519211316323215e+01
4.300000000000000000e+02 1.100612357499580085e+01 4.444482441565238418e-01 1.056167533083927701e+01
4.350000000000000000e+02 1.357783597648166563e+01 3.740000103700236167e-01 1.320383596611164201e+01
4.400000000000000000e+02 2.471715834271507717e+01 3.128937225975008118e-01 2.440426462011757636e+01
4.450000000000000000e+02 5.785419344997128377e+01 3.781456795089042089e-01 5.747604777046237956e+01
4.500000000000000000e+02 3.106412265950586260e+01 4.495188215760634876e-01 3.061460383792979911e+01
4.550000000000000000e+02 1.372851646480875054e+01 3.676051823067378876e-01 1.336091128250201265e+01
4.600000000000000000e+02 9.783982769997223272e+00 3.116780589064713780e-01 9.472304711090751894e+00
4.650000000000000000e+02 8.181661420728827849e+00 2.710274886152621576e-01 7.910633932113565692e+00
4.700000000000000000e+02 8.940877837346491219e+00 2.395010852695076409e-01 8.701376752076983578e+00
4.750000000000000000e+02 9.949187635539349372e+00 2.192151433501035029e-01 9.729972492189245870e+00
4.800000000000000000e+02 9.233868163735149182e+00 1.966423130414263198e-01 9.037225850693722862e+00
4.850000000000000000e+02 1.161401456384140651e+01 1.730034581969430718e-01 1.144101110564446344e+01
4.900000000000000000e+02 2.082841129023151439e+01 1.567057375286537990e-01 2.067170555270286059e+01
4.950000000000000000e+02 3.803057010803858873e+01 1.895139613579388538e-01 3.784105614668064987e+01
5.000000000000000000e+02 2.401090177616798016e+01 2.179144075247378964e-01 2.379298736864324226e+01
5.050000000000000000e+02 1.130144567637725039e+01 1.922420466821002094e-01 1.110920362969515018e+01
5.100000000000000000e+02 6.762040582127416322e+00 1.698540719432743984e-01 6.592186510184141923e+00
5.150000000000000000e+02 4.897107324081159341e+00 1.532036704339754252e-01 4.743903653647183916e+00
5.200000000000000000e+02 4.079006431351920980e+00 1.400699486299266106e-01 3.938936482721994370e+00
5.250000000000000000e+02 4.067018300674797082e+00 1.290999584011194301e-01 3.937918342273677652e+00
5.300000000000000000e+02 4.873542232448685674e+00 1.198505746466551614e-01 4.753691657802030512e+00
5.350000000000000000e+02 4.313603816317272965e+00 1.112993706921141523e-01 4.202304445625158813e+00
5.400000000000000000e+02 3.242376708755524195e+00 1.035067086633163491e-01 3.138870000092207846e+00
5.450000000000000000e+02 2.803938917186847846e+00 9.659175868679215071e-02 2.707347158500055695e+00
5.500000000000000000e+02 2.594351559315071221e+00 9.043230941325708372e-02 2.503919249901814137e+00
5.550000000000000000e+02 2.411893009233995411e+00 8.502338847699997260e-02 2.326869620756995438e+00
5.600000000000000000e+02 2.294656883706533090e+00 7.998781980890568022e-02 2.214669063897627410e+00
5.650000000000000000e+02 2.235360575160495689e+00 7.529097620529601187e-02 2.160069598955199677e+00
5.700000000000000000e+02 2.231489001665368122e+00 7.088129409307786233e-02 2.160607707572290259e+00
5.750000000000000000e+02 2.193339069816032882e+00 6.671644828177258901e-02 2.126622621534260293e+00
5.800000000000000000e+02 2.159266517920939599e+00 6.275802480239578429e-02 2.096508493118543814e+00
5.850000000000000000e+02 2.269273320679000339e+00 5.896936847248124280e-02 2.210303952206519096e+00
5.900000000000000000e+02 2.521926495923367817e+00 5.534329809269689093e-02 2.466583197830670926e+00
5.950000000000000000e+02 2.903856045649429340e+00 5.187816083555851776e-02 2.851977884813870823e+00
6.000000000000000000e+02 3.508234955210567829e+00 4.857820256476319543e-02 3.459656752645804634e+00
6.050000000000000000e+02 4.557283101334178355e+00 4.548314915597639896e-02 4.511799952178201956e+00
6.100000000000000000e+02 6.612109780671017845e+00 4.271113412819005362e-02 6.569398646542827791e+00
6.150000000000000000e+02 1.055847973277983876e+01 4.047981014964108226e-02 1.051799992263019767e+01
6.200000000000000000e+02 1.299148589732410386e+01 3.792062970267195965e-02 1.295356526762143190e+01
6.250000000000000000e+02 1.035103333250168944e+01 3.373881051660099217e-02 1.031729452198508845e+01
6.300000000000000000e+02 8.678945141079239534e+00 2.966545018165156478e-02 8.649279690897587969e+00
6.350000000000000000e+02 8.985326802121607059e+00 2.599586012501653443e-02 8.959330941996590525e+00
6.400000000000000000e+02 1.085453576608929183e+01 2.252948709685753670e-02 1.083200627899243429e+01
6.450000000000000000e+02 1.474286166548693622e+01 1.952406583136223617e-02 1.472333759965557398e+01
6.500000000000000000e+02 2.250254604613471088e+01 1.823118781721788650e-02 2.248431485831749299e+01
6.550000000000000000e+02 3.956871583224281608e+01 2.388234724320881242e-02 3.954483348499960726e+01
6.600000000000000000e+02 8.135638382670441615e+01 5.946528696055963792e-02 8.129691853974385651e+01
6.650000000000000000e+02 1.456095163202168692e+02 1.753008058777254519e-01 1.454342155143391437e+02
6.700000000000000000e+02 9.728499181392491835e+01 1.959664848907323176e-01 9.708902532903418603e+01
6.750000000000000000e+02 4.291805755599807526e+01 1.351109147051587911e-01 4.278294664129291647e+01
6.800000000000000000e+02 2.147692809843239914e+01 9.852487008251387124e-02 2.137840322834988527e+01
6.850000000000000000e+02 1.240774368966223840e+01 7.830049854132070664e-02 1.232944319112091769e+01
6.900000000000000000e+02 7.944441547100366208e+00 6.593757179159176474e-02 7.878503975308774443e+00
6.950000000000000000e+02 5.469412846866255506e+00 5.763381352743124353e-02 5.411779033338824263e+00
7.000000000000000000e+02 3.969567833157340964e+00 5.162505465777522673e-02 3.917942778499565737e+00
7.050000000000000000e+02 2.999272041271495493e+00 4.702871288716137244e-02 2.952243328384334120e+00
7.100000000000000000e+02 2.346690906631327067e+00 4.337610294855620552e-02 2.303314803682770862e+00
7.150000000000000000e+02 1.881433752001578252e+00 4.036915743575519855e-02 1.841064594565823054e+00
7.200000000000000000e+02 1.538503643035481039e+00 3.782053562403664415e-02 1.500683107411444395e+00
7.250000000000000000e+02 1.278722976058636496e+00 3.562488979155520319e-02 1.243098086267081293e+00
7.300000000000000000e+02 1.077283264809841379e+00 3.369717506054459299e-02 1.043586089749296786e+00
7.350000000000000000e+02 9.179800049474262646e-01 3.198490875919790533e-02 8.859950961882283593e-01
7.400000000000000000e+02 7.898378770318110753e-01 3.044744057736270548e-02 7.593904364544483698e-01
7.450000000000000000e+02 6.852110871810663806e-01 2.905311706841440245e-02 6.561579701126519781e-01
7.500000000000000000e+02 5.986667457926282410e-01 2.777974772293112515e-02 5.708869980696971158e-01
7.550000000000000000e+02 5.262425859399935124e-01 2.660760590989907914e-02 4.996349800300944333e-01
7.600000000000000000e+02 4.874837361295305538e-01 2.553843483002704584e-02 4.619453012995035079e-01
7.650000000000000000e+02 4.588759499905208372e-01 2.454647498776768577e-02 4.343294750027531514e-01
7.700000000000000000e+02 4.335492649744682736e-01 2.361887909569110322e-02 4.099303858787771704e-01
7.750000000000000000e+02 4.109833933078680945e-01 2.274880176284715949e-02 3.882345915450209350e-01
7.800000000000000000e+02 3.907541872063054478e-01 2.193134726342893526e-02 3.688228399428765125e-01
7.850000000000000000e+02 3.725126861293904246e-01 2.116017583048640516e-02 3.513525102989040194e-01
7.900000000000000000e+02 3.559826230547952775e-01 2.043122092902371900e-02 3.355514021257715584e-01
7.950000000000000000e+02 3.409299619253112201e-01 1.974110501362397185e-02 3.211888569116872483e-01
8.000000000000000000e+02 3.271633906160524297e-01 1.908709972079952744e-02 3.080762908952529022e-01
