3.000000000000000000e+02 2.064807985277824969e+02 1.420602970719954783e+00 2.050601955570625421e+02
3.050000000000000000e+02 1.803771011285630550e+02 9.298733488225252586e-01 1.794472277797405297e+02
3.100000000000000000e+02 1.472311037102286093e+02 5.285043800806761283e-01 1.467025993301479332e+02
3.150000000000000000e+02 1.245169583583664803e+02 3.224082241434160778e-01 1.241945501342230642e+02
3.200000000000000000e+02 9.829899097920799989e+01 2.242331538293313997e-01 9.807475782537866849e+01
3.250000000000000000e+02 1.478545180099414438e+02 7.047069548704598674e-01 1.471498110550709839e+02
3.300000000000000000e+02 2.178984524025424037e+02 2.149979716965106036e+00 2.157484726855772976e+02
3.350000000000000000e+02 3.285224877645815695e+02 3.716522907285195743e+00 3.248059648572963738e+02
3.400000000000000000e+02 4.101643568151030195e+02 4.450903570240768659e+00 4.057134532448622508e+02
3.450000000000000000e+02 4.978918100451674604e+02 5.616967981672758015e+00 4.922748420634947024e+02
3.500000000000000000e+02 5.241935807815298176e+02 5.695455695988016487e+00 5.184981250855418011e+02
3.550000000000000000e+02 6.973560234895036274e+02 1.005574548761512688e+01 6.873002780018885005e+02
3.600000000000000000e+02 9.360094551468840791e+02 1.519807339673354818e+01 9.208113817501505309e+02
3.650000000000000000e+02 1.085579119013214722e+03 1.907260458266296155e+01 1.066506514430551761e+03
3.700000000000000000e+02 7.006748091703944965e+02 1.075465950859415898e+01 6.899201496618003375e+02
3.750000000000000000e+02 3.715909398282466896e+02 3.107717387887817040e+00 3.684832224403588725e+02
3.800000000000000000e+02 2.923806196959661179e+02 1.359784219250968818e+00 2.910208354767151491e+02
3.850000000000000000e+02 3.947162824581041605e+02 5.134677711751805873e+00 3.895816047463523546e+02
3.900000000000000000e+02 8.141242817351334224e+02 2.211348923592629490e+01 7.920107924992071275e+02
3.950000000000000000e+02 2.488132727676837931e+03 1.051009159070781607e+02 2.383031811769759770e+03
4.000000000000000000e+02 2.979653869746529836e+03 1.669042233834798026e+02 2.812749646363050033e+03
4.050000000000000000e+02 9.452569476579928960e+02 6.426950060476838189e+01 8.809874470532245141e+02
4.100000000000000000e+02 3.978350460396999324e+02 3.109990299356127252e+01 3.667351430461386599e+02
4.150000000000000000e+02 2.154119378974965855e+02 1.912214494497590067e+01 1.962897929525206848e+02
4.200000000000000000e+02 1.348228763097691569e+02 1.359484442070207422e+01 1.212280318890670827e+02
4.250000000000000000e+02 9.093237098455045953e+01 1.025010690578278627e+01 8.068226407876767325e+01
4.300000000000000000e+02 6.526146590945685944e+01 8.075827876720317988e+00 5.718563803273654145e+01
4.350000000000000000e+02 5.189190770120528384e+01 6.665005809208111032e+00 4.522690189199717281e+01
4.400000000000000000e+02 4.213286532903308768e+01 5.613251282187768254e+00 3.651961404684531942e+01
4.450000000000000000e+02 3.542783301990794342e+01 4.794742689982772532e+00 3.063309032992517089e+01
4.500000000000000000e+02 3.039022381755950875e+01 4.144770675290921247e+00 2.624545314226858750e+01
4.550000000000000000e+02 2.889922620436881928e+01 3.606357833048399186e+00 2.529286837132042010e+01
4.600000000000000000e+02 2.639662930187476064e+01 3.183617384960871988e+00 2.321301191691388865e+01
4.650000000000000000e+02 2.439350516804378088e+01 2.811285130987076997e+00 2.158222003705670389e+01
4.700000000000000000e+02 2.619667042963535053e+01 2.522134257990316542e+00 2.367453617164503399e+01
4.750000000000000000e+02 2.289226992715862252e+01 2.324947239873804250e+00 2.056732268728481827e+01
4.800000000000000000e+02 1.792187492253212255e+01 2.112812590915980948e+00 1.580906233161614161e+01
4.850000000000000000e+02 1.524605752917125301e+01 1.921101126932436287e+00 1.332495640223881672e+01
4.900000000000000000e+02 1.359420674875990898e+01 1.754627755285444124e+00 1.183957899347446485e+01
4.950000000000000000e+02 1.253616631213795074e+01 1.609322305485935800e+00 1.092684400665201494e+01
5.000000000000000000e+02 1.178080413810401872e+01 1.481755081355004222e+00 1.029904905674901450e+01
5.050000000000000000e+02 1.146055134505982309e+01 1.369578904933906216e+00 1.009097244012591688e+01
5.100000000000000000e+02 1.062120523132478489e+01 1.273150194623376308e+00 9.348055036701408582e+00
5.150000000000000000e+02 9.560990417709302136e+00 1.180303114069033654e+00 8.380687303640268482e+00
5.200000000000000000e+02 8.966369795137866916e+00 1.094822093636258487e+00 7.871547701501608429e+00
5.250000000000000000e+02 9.285388982941260139e+00 1.016766022042554951e+00 8.268622960898705188e+00
5.300000000000000000e+02 9.887057797303404172e+00 9.490333328925615319e-01 8.938024464410842640e+00
5.350000000000000000e+02 1.066944248154398700e+01 8.832655488411926825e-01 9.786176932702794318e+00
5.400000000000000000e+02 1.437130837590971488e+01 8.263768121928318777e-01 1.354493156371688301e+01
5.450000000000000000e+02 1.853705374166848330e+01 8.063973292016797245e-01 1.773065641246680357e+01
5.500000000000000000e+02 1.377557000133874965e+01 7.811260901549310631e-01 1.299444391118381859e+01
5.550000000000000000e+02 1.022267064744110066e+01 7.367351347107078396e-01 9.485935512730392816e+00
5.600000000000000000e+02 8.303539514119302467e+00 6.944497685948691768e-01 7.609089745524433290e+00
5.650000000000000000e+02 6.936811646333396197e+00 6.539816635233162145e-01 6.282829982810079983e+00
5.700000000000000000e+02 6.383027588773797056e+00 6.160189317521735930e-01 5.767008657021623463e+00
5.750000000000000000e+02 6.736741983591133298e+00 5.816531080855984470e-01 6.155088875505534851e+00
5.800000000000000000e+02 8.055593895082042266e+00 5.548759951340027641e-01 7.500717899948039502e+00
5.850000000000000000e+02 7.393879982218301450e+00 5.327150444078405656e-01 6.861164937810460884e+00
5.900000000000000000e+02 6.583694362764463293e+00 5.046831954967094802e-01 6.079011167267753812e+00
5.950000000000000000e+02 6.299812258817227395e+00 4.775055590950207929e-01 5.822306699722206602e+00
6.000000000000000000e+02 5.570150955948260929e+00 4.521570747557586145e-01 5.117993881192502315e+00
6.050000000000000000e+02 5.259294539968148996e+00 4.285068219929630828e-01 4.830787717975185913e+00
6.100000000000000000e+02 5.193441050589035157e+00 4.059051380179141688e-01 4.787535912571120988e+00
6.150000000000000000e+02 5.622000334967466095e+00 3.841531730350116192e-01 5.237847161932454476e+00
6.200000000000000000e+02 6.509891407749661241e+00 3.633900841948509708e-01 6.146501323554810270e+00
6.250000000000000000e+02 8.311932158830321882e+00 3.432174207049927261e-01 7.968714738125329156e+00
6.300000000000000000e+02 1.239580764881622166e+01 3.246706208137535299e-01 1.207113702800246813e+01
6.350000000000000000e+02 2.112693978025265196e+01 3.170882107253589766e-01 2.080985156952729298e+01
6.400000000000000000e+02 2.752334519548770686e+01 3.386388230158665635e-01 2.718470637247184030e+01
6.450000000000000000e+02 2.023949076895958754e+01 3.429473025707814315e-01 1.989654346638880611e+01
6.500000000000000000e+02 1.517885686355755404e+01 3.295264170112268687e-01 1.484933044654632717e+01
6.550000000000000000e+02 1.014848319871756388e+01 3.176329353641786923e-01 9.830850263353385188e+00
6.600000000000000000e+02 6.237346213183157850e+00 3.007501050366352402e-01 5.936596108146522610e+00
6.650000000000000000e+02 4.364111975834591206e+00 2.847139586468170336e-01 4.079398017187774172e+00
6.700000000000000000e+02 3.442331665322373890e+00 2.707474879311213556e-01 3.171584177391252535e+00
6.750000000000000000e+02 2.959526569466279788e+00 2.583445888544950719e-01 2.701181980611784716e+00
6.800000000000000000e+02 2.719397325404421029e+00 2.471256268234025555e-01 2.472271698581018473e+00
6.850000000000000000e+02 2.674171587494370783e+00 2.368164008955746525e-01 2.437355186598796131e+00
6.900000000000000000e+02 2.865583208488117872e+00 2.272919879250001607e-01 2.638291220563117712e+00
6.950000000000000000e+02 3.769001260040596879e+00 2.186499160642640938e-01 3.550351343976332785e+00
7.000000000000000000e+02 6.644978281232882367e+00 2.113521119645254132e-01 6.433626169268356954e+00
7.050000000000000000e+02 7.152376034257453163e+00 2.034742050748707953e-01 6.948901829182582368e+00
7.100000000000000000e+02 3.626711208244427720e+00 1.942114074873595442e-01 3.432499800757068176e+00
7.150000000000000000e+02 2.347644138577982709e+00 1.862350142433180089e-01 2.161409124334664700e+00
7.200000000000000000e+02 1.905398239618153022e+00 1.788775848949770708e-01 1.726520654723175952e+00
7.250000000000000000e+02 1.749166030289823093e+00 1.718350112257429618e-01 1.577331019064080131e+00
7.300000000000000000e+02 1.740386582964186468e+00 1.649733267393249658e-01 1.575413256224861502e+00
7.350000000000000000e+02 1.860105718273068920e+00 1.581760678239796380e-01 1.701929650449089282e+00
7.400000000000000000e+02 2.159777185926688770e+00 1.512752931058427563e-01 2.008501892820846013e+00
7.450000000000000000e+02 2.809652819748936103e+00 1.440628557350995820e-01 2.665589964013836521e+00
7.500000000000000000e+02 4.348149075693517496e+00 1.361636742928116206e-01 4.211985401400705875e+00
7.550000000000000000e+02 8.989239569358289828e+00 1.276546240030569379e-01 8.861584945355232890e+00
7.600000000000000000e+02 2.692391967273702136e+01 1.318764446656111033e-01 2.679204322807141025e+01
7.650000000000000000e+02 3.271384043856738799e+01 1.795555901783671970e-01 3.253428484838902079e+01
7.700000000000000000e+02 1.115376513124517466e+01 1.627196074884729171e-01 1.099104552375670174e+01
7.750000000000000000e+02 5.095755350946516771e+00 1.474253502666504900e-01 4.948330000679866281e+00
7.800000000000000000e+02 3.072280401918180637e+00 1.378239751323824258e-01 2.934456426785798211e+00
7.850000000000000000e+02 2.197782391681924352e+00 1.308184003447547816e-01 2.066963991337169571e+00
7.900000000000000000e+02 1.748687910495305475e+00 1.251423481453255437e-01 1.623545562349979932e+00
7.950000000000000000e+02 1.503752431230680697e+00 1.202526433612411960e-01 1.383499787869439501e+00
8.000000000000000000e+02 1.373013873077747249e+00 1.158824060524443755e-01 1.257131467025302873e+00
