3.000000000000000000e+02 1.870425680654136841e+03 1.001898258732339855e+02 1.770235854780902855e+03
3.050000000000000000e+02 1.598677709961253413e+03 6.475738149076619266e+01 1.533920328470487220e+03
3.100000000000000000e+02 1.273633093700698055e+03 3.619927768290585846e+01 1.237433816017792196e+03
3.150000000000000000e+02 1.043468572159981704e+03 2.154128768421287532e+01 1.021927284475768829e+03
3.200000000000000000e+02 7.980403352947134863e+02 1.455151861521767387e+01 7.834888166794958124e+02
3.250000000000000000e+02 1.119785593861233110e+03 4.268270735687974593e+01 1.077102886504353364e+03
3.300000000000000000e+02 1.382084021600103370e+03 1.129360290503332180e+02 1.269147992549770152e+03
3.350000000000000000e+02 1.897573467692758868e+03 1.998071933453420570e+02 1.697766274347416811e+03
3.400000000000000000e+02 2.579998338671663532e+03 2.743987491634075013e+02 2.305599589508256031e+03
3.450000000000000000e+02 3.336664147900224179e+03 3.893864198032952118e+02 2.947277728096928968e+03
3.500000000000000000e+02 4.362839079811404190e+03 6.018077970210501917e+02 3.761031282790353998e+03
3.550000000000000000e+02 6.440067811241347954e+03 9.595368725947200801e+02 5.480530938646627874e+03
3.600000000000000000e+02 7.616760858711245419e+03 1.189714129823149960e+03 6.427046728888095458e+03
3.650000000000000000e+02 1.049386705253104083e+04 1.857061110349670344e+03 8.636805942181370483e+03
3.700000000000000000e+02 1.235468781987707553e+04 2.367678352994547822e+03 9.987009466882527704e+03
3.750000000000000000e+02 1.485812989567121622e+04 3.440201950192818913e+03 1.141792794547839731e+04
3.800000000000000000e+02 8.862664015495442072e+03 1.926150237054438549e+03 6.936513778441003524e+03
3.850000000000000000e+02 8.433371469578067263e+03 1.227216119718552363e+03 7.206155349859514899e+03
3.900000000000000000e+02 1.087778189719533293e+04 2.238931877923139837e+03 8.638850019272193094e+03
3.950000000000000000e+02 7.266230589678713841e+03 1.917113978570440850e+03 5.349116611108272991e+03
4.000000000000000000e+02 5.941027000418462194e+03 1.525700528746906457e+03 4.415326471671555737e+03
4.050000000000000000e+02 3.348705713021696738e+03 1.259440231448309078e+03 2.089265481573387660e+03
4.100000000000000000e+02 1.950680392962125552e+03 8.538072746846164591e+02 1.096873118277509093e+03
4.150000000000000000e+02 1.381224794864215482e+03 6.391481917869075460e+02 7.420766030773079365e+02
4.200000000000000000e+02 1.071718074388465311e+03 5.073500509622521122e+02 5.643680234262131989e+02
4.250000000000000000e+02 9.087853366658368941e+02 4.261048739520271624e+02 4.826804627138097317e+02
4.300000000000000000e+02 7.108188171060951390e+02 3.604028910318078829e+02 3.504159260742872561e+02
4.350000000000000000e+02 5.842464081306670778e+02 3.078448171911543341e+02 2.764015909395127437e+02
4.400000000000000000e+02 5.621664517731501292e+02 2.659315817553155057e+02 2.962348700178346235e+02
4.450000000000000000e+02 5.147141284209805008e+02 2.402630598786357723e+02 2.744510685423447285e+02
4.500000000000000000e+02 4.609921482832265269e+02 2.174034301748227165e+02 2.435887181084038104e+02
4.550000000000000000e+02 3.590232125348655927e+02 1.929399802369247254e+02 1.660832322979408673e+02
4.600000000000000000e+02 3.198007106639502126e+02 1.702817083149632538e+02 1.495190023489869589e+02
4.650000000000000000e+02 3.027762423706283244e+02 1.524473581507429856e+02 1.503288842198853388e+02
4.700000000000000000e+02 2.875044319541840423e+02 1.390571211082214518e+02 1.484473108459625905e+02
4.750000000000000000e+02 2.539170212746058155e+02 1.263753843551170206e+02 1.275416369194887949e+02
4.800000000000000000e+02 2.528844166121785406e+02 1.155720922174768361e+02 1.373123243947017045e+02
4.850000000000000000e+02 2.407680119161340997e+02 1.081779350046586217e+02 1.325900769114754780e+02
4.900000000000000000e+02 2.053567051683693307e+02 1.003409902161980796e+02 1.050157149521712512e+02
4.950000000000000000e+02 1.761730780514478454e+02 9.274403009003066245e+01 8.342904796141718293e+01
5.000000000000000000e+02 1.544701729494440201e+02 8.549448318897965748e+01 6.897568976046436262e+01
5.050000000000000000e+02 1.413131499265423372e+02 7.900085665839705484e+01 6.231229326814527525e+01
5.100000000000000000e+02 1.319329032223398883e+02 7.320363061904902224e+01 5.872927260329085897e+01
5.150000000000000000e+02 1.256597261129601009e+02 6.791842744976182189e+01 5.774129866319828608e+01
5.200000000000000000e+02 1.277171508378989699e+02 6.304186992721329830e+01 6.467528091068567164e+01
5.250000000000000000e+02 1.476568838300341611e+02 5.912275322214249229e+01 8.853413060789166877e+01
5.300000000000000000e+02 1.478409357249194898e+02 5.693290270714655321e+01 9.090803301777293655e+01
5.350000000000000000e+02 1.176939955552830952e+02 5.369331764645671967e+01 6.400067790882637553e+01
5.400000000000000000e+02 1.031752162849633550e+02 5.024344245123404562e+01 5.293177383372930933e+01
5.450000000000000000e+02 9.490458512323226614e+01 4.703469846550221689e+01 4.786988665773004925e+01
5.500000000000000000e+02 9.204623590688251511e+01 4.411656914376013816e+01 4.792966676312237695e+01
5.550000000000000000e+02 9.235007059047643452e+01 4.160529944482688336e+01 5.074477114564955116e+01
5.600000000000000000e+02 9.216689250540252942e+01 3.933990089830301429e+01 5.282699160709951514e+01
5.650000000000000000e+02 9.615270782551894513e+01 3.707738815731222815e+01 5.907531966820671698e+01
5.700000000000000000e+02 1.184743610786899808e+02 3.509883146561561773e+01 8.337552961307436306e+01
5.750000000000000000e+02 1.465001118410979757e+02 3.455891946666872627e+01 1.119411923744292494e+02
5.800000000000000000e+02 1.102740913226314632e+02 3.397298756411595377e+01 7.630110375851550941e+01
5.850000000000000000e+02 8.013108879774929960e+01 3.217926214611133418e+01 4.795182665163796543e+01
5.900000000000000000e+02 6.692264786686291700e+01 3.038257650812833077e+01 3.654007135873458623e+01
5.950000000000000000e+02 6.233227616627739565e+01 2.872785895553153068e+01 3.360441721074586496e+01
6.000000000000000000e+02 6.490529977612409596e+01 2.728133744096485458e+01 3.762396233515924138e+01
6.050000000000000000e+02 6.748291014070366600e+01 2.619915590972836128e+01 4.128375423097530472e+01
6.100000000000000000e+02 5.950435911487662821e+01 2.513977910815415129e+01 3.436458000672247692e+01
6.150000000000000000e+02 5.242967499909012474e+01 2.403390361314231782e+01 2.839577138594780692e+01
6.200000000000000000e+02 4.594289026864156966e+01 2.296331477603087379e+01 2.297957549261069587e+01
6.250000000000000000e+02 4.139399385602776249e+01 2.194069015608657836e+01 1.945330369994118414e+01
6.300000000000000000e+02 3.827129735865247540e+01 2.097916158666617292e+01 1.729213577198630247e+01
6.350000000000000000e+02 3.593473777652361179e+01 2.007658764763208126e+01 1.585815012889153053e+01
6.400000000000000000e+02 3.419631647976051880e+01 1.922697263822412950e+01 1.496934384153638931e+01
6.450000000000000000e+02 3.323102989161142773e+01 1.842792873501462481e+01 1.480310115659680115e+01
6.500000000000000000e+02 3.282553128021549327e+01 1.769214857843780919e+01 1.513338270177768408e+01
6.550000000000000000e+02 3.098684153101337202e+01 1.700322472801151008e+01 1.398361680300186016e+01
6.600000000000000000e+02 2.927967702531566374e+01 1.632379628189118037e+01 1.295588074342448337e+01
6.650000000000000000e+02 2.891553457536790006e+01 1.567013740687031387e+01 1.324539716849758619e+01
6.700000000000000000e+02 2.974932368246505021e+01 1.507737327948904849e+01 1.467195040297600173e+01
6.750000000000000000e+02 2.838421942025252420e+01 1.452581741898458390e+01 1.385840200126794031e+01
6.800000000000000000e+02 2.856699454007332051e+01 1.396907042579619507e+01 1.459792411427712544e+01
6.850000000000000000e+02 2.983292796561489268e+01 1.350815393005399301e+01 1.632477403556089968e+01
6.900000000000000000e+02 2.506829122393395437e+01 1.304329665497689028e+01 1.202499456895706409e+01
6.950000000000000000e+02 2.249065140267712337e+01 1.254410430457321191e+01 9.946547098103911466e+00
7.000000000000000000e+02 2.239638240517630052e+01 1.206690946481312388e+01 1.032947294036317665e+01
7.050000000000000000e+02 2.362808049581092362e+01 1.164596328469862385e+01 1.198211721111229977e+01
7.100000000000000000e+02 2.349701462211944758e+01 1.123408430516159306e+01 1.226293031695785452e+01
7.150000000000000000e+02 2.697767276774927936e+01 1.089093317966860752e+01 1.608673958808067184e+01
7.200000000000000000e+02 2.109182336483387488e+01 1.057188819442611916e+01 1.051993517040775572e+01
7.250000000000000000e+02 1.732069793020553305e+01 1.018860097342707149e+01 7.132096956778461561e+00
7.300000000000000000e+02 1.582031113435790459e+01 9.822517218886579471e+00 5.997793915471325121e+00
7.350000000000000000e+02 1.505185288112231845e+01 9.475490514987683355e+00 5.576362366134635096e+00
7.400000000000000000e+02 1.463710884980127958e+01 9.143332169735890247e+00 5.493776680065389328e+00
7.450000000000000000e+02 1.472583812620889709e+01 8.823021137200434794e+00 5.902816989008461412e+00
7.500000000000000000e+02 1.469012194749412537e+01 8.510690452697959429e+00 6.179431494796165936e+00
7.550000000000000000e+02 1.596553056574892437e+01 8.195357247582855109e+00 7.770173318166068377e+00
7.600000000000000000e+02 2.194864420006643968e+01 7.876890156544710919e+00 1.407175404352172876e+01
7.650000000000000000e+02 4.214935916695905149e+01 7.684533940372539007e+00 3.446482522658651249e+01
7.700000000000000000e+02 3.102597174750385989e+01 7.698788409885747086e+00 2.332718333761811280e+01
7.750000000000000000e+02 1.884376871801600828e+01 7.414078388257541619e+00 1.142969032975846666e+01
7.800000000000000000e+02 1.618543622639927193e+01 7.130540189747225810e+00 9.054896036652046121e+00
7.850000000000000000e+02 1.739311242894972054e+01 6.863441454180266632e+00 1.052967097476945391e+01
7.900000000000000000e+02 2.525824216454799043e+01 6.625316254879940914e+00 1.863292590966804951e+01
7.950000000000000000e+02 2.989172006643270052e+01 6.543738135448528226e+00 2.334798193098417229e+01
8.000000000000000000e+02 2.124561204663459435e+01 6.350666339402167182e+00 1.489494570723242717e+01
