3.000000000000000000e+02 1.352126099312658653e+03 9.318793436822261356e+01 1.258938164944436039e+03
3.050000000000000000e+02 1.317041320025194182e+03 8.700483524217997910e+01 1.230036484783014203e+03
3.100000000000000000e+02 1.286794760212053234e+03 8.144996043958963128e+01 1.205344799772463602e+03
3.150000000000000000e+02 1.253759145121747224e+03 7.614978112884955408e+01 1.177609363992897670e+03
3.200000000000000000e+02 1.221613366889453800e+03 7.124438260583906413e+01 1.150368984283614736e+03
3.250000000000000000e+02 1.217483503384048618e+03 6.751911013556036778e+01 1.149964393248488250e+03
3.300000000000000000e+02 1.215636183292963779e+03 6.412999768798749756e+01 1.151506185604976281e+03
3.350000000000000000e+02 1.197091581910083278e+03 6.026878935309673579e+01 1.136822792556986542e+03
3.400000000000000000e+02 1.173118596062424331e+03 5.644565548294895052e+01 1.116672940579475380e+03
3.450000000000000000e+02 1.146200177090582656e+03 5.282818479364004816e+01 1.093371992296942608e+03
3.500000000000000000e+02 1.117042881613534973e+03 4.942049013000428204e+01 1.067622391483530691e+03
3.550000000000000000e+02 1.091481375203201196e+03 4.644708810621818884e+01 1.045034287096983007e+03
3.600000000000000000e+02 1.077056306411354171e+03 4.438643620694006131e+01 1.032669870204414110e+03
3.650000000000000000e+02 1.063016917149312576e+03 4.244891080397053429e+01 1.020568006345342042e+03
3.700000000000000000e+02 1.049273883833469881e+03 4.067054327953542270e+01 1.008603340553934459e+03
3.750000000000000000e+02 1.035711762281633355e+03 3.904251007664254303e+01 9.966692522049908121e+02
3.800000000000000000e+02 1.022359082786181602e+03 3.750124120275188488e+01 9.848578415834297175e+02
3.850000000000000000e+02 1.003912006385571431e+03 3.570581739933868448e+01 9.682061889862327462e+02
3.900000000000000000e+02 9.842126884669819447e+02 3.390778512028111891e+01 9.503049033467008258e+02
3.950000000000000000e+02 9.651317137033069002e+02 3.222124451835122727e+01 9.329104691849556730e+02
4.000000000000000000e+02 9.494108989998006791e+02 3.066602943367024636e+01 9.187448695661304328e+02
4.050000000000000000e+02 9.362971995487993127e+02 2.922641618037130229e+01 9.070707833684280104e+02
4.100000000000000000e+02 9.236081921412246629e+02 2.787241064647253097e+01 8.957357814947521319e+02
4.150000000000000000e+02 9.114856503836700767e+02 2.656525165028915580e+01 8.849203987333809209e+02
4.200000000000000000e+02 9.000158528040676629e+02 2.528526189285400960e+01 8.747305909112136533e+02
4.250000000000000000e+02 8.889282053394982768e+02 2.408210113686493514e+01 8.648461042026333416e+02
4.300000000000000000e+02 8.782050443105229078e+02 2.295005246574157809e+01 8.552549918447813297e+02
4.350000000000000000e+02 8.774264111796595671e+02 2.202225859271959507e+01 8.554041525869399720e+02
4.400000000000000000e+02 8.775597317004016986e+02 2.115725842433027992e+01 8.564024732760714187e+02
4.450000000000000000e+02 8.780416261728435074e+02 2.034279887713364587e+01 8.576988272957098616e+02
4.500000000000000000e+02 8.788666439665420285e+02 1.957573881206576516e+01 8.592909051544762633e+02
4.550000000000000000e+02 8.806922200428589349e+02 1.876597497533373371e+01 8.619262450675252012e+02
4.600000000000000000e+02 8.828954091156352888e+02 1.798914329126307621e+01 8.649062658243722126e+02
4.650000000000000000e+02 8.853696769443154153e+02 1.725464533538229261e+01 8.681150316089331227e+02
4.700000000000000000e+02 8.881025892725278936e+02 1.655947293085625915e+01 8.715431163416716345e+02
4.750000000000000000e+02 9.125658067568051592e+02 1.644165317488489109e+01 8.961241535819202682e+02
4.800000000000000000e+02 9.459126840942158196e+02 1.656194402262553922e+01 9.293507400715902804e+02
4.850000000000000000e+02 9.820905025764910761e+02 1.676505248237560863e+01 9.653254500941154674e+02
4.900000000000000000e+02 1.021445274148991871e+03 1.705952531289790386e+01 1.004385748836093967e+03
4.950000000000000000e+02 1.064390415116585700e+03 1.745623970334077057e+01 1.046934175413244930e+03
5.000000000000000000e+02 1.125639176824055085e+03 1.920493935768536176e+01 1.106434237466369723e+03
5.050000000000000000e+02 1.186458850020532054e+03 2.146974353923997114e+01 1.164989106481292083e+03
5.100000000000000000e+02 1.239545055303646905e+03 2.408482827675743465e+01 1.215460227026889470e+03
5.150000000000000000e+02 1.277690059679313890e+03 2.702448004842563023e+01 1.250665579630888260e+03
5.200000000000000000e+02 1.290698097513951097e+03 3.018784454538194950e+01 1.260510252968569148e+03
5.250000000000000000e+02 1.206382460604334938e+03 3.060692839871285287e+01 1.175775532205622085e+03
5.300000000000000000e+02 1.095770312383835744e+03 3.008344613044027938e+01 1.065686866253395465e+03
5.350000000000000000e+02 9.772033076111287073e+02 2.908174518180703672e+01 9.481215624293216706e+02
5.400000000000000000e+02 8.583280335183329726e+02 2.771920286414479051e+01 8.306088306541881821e+02
5.450000000000000000e+02 7.455092190088992083e+02 2.613308203972042065e+01 7.193761369691787877e+02
5.500000000000000000e+02 6.476752504413788074e+02 2.440798850228236461e+01 6.232672619390964428e+02
5.550000000000000000e+02 5.701992363880342509e+02 2.266942127155482467e+01 5.475298151164794263e+02
5.600000000000000000e+02 5.025537020692975148e+02 2.107762244030351440e+01 4.814760796289940004e+02
5.650000000000000000e+02 4.429445565625653671e+02 1.963443296176200192e+01 4.233101236008033652e+02
5.700000000000000000e+02 3.894142306144495933e+02 1.832603322957623959e+01 3.710881973848733537e+02
5.750000000000000000e+02 3.402409337431954555e+02 1.712567453076388801e+01 3.231152592124315674e+02
5.800000000000000000e+02 2.943884000418387927e+02 1.600139476298971886e+01 2.783870052788490739e+02
5.850000000000000000e+02 2.554498909250195311e+02 1.490102011693849704e+01 2.405488708080810341e+02
5.900000000000000000e+02 2.224926013280454242e+02 1.384591994408449978e+01 2.086466813839609244e+02
5.950000000000000000e+02 1.939791144134646856e+02 1.285904420447670304e+01 1.811200702089879826e+02
6.000000000000000000e+02 1.699441700481379200e+02 1.194597740853888013e+01 1.579981926395990399e+02
6.050000000000000000e+02 1.500636732335038630e+02 1.110898968766178996e+01 1.389546835458420730e+02
6.100000000000000000e+02 1.338233603076767508e+02 1.034541969779532167e+01 1.234779406098814292e+02
6.150000000000000000e+02 1.208285723267022007e+02 9.648629073892720953e+00 1.111799432528094798e+02
6.200000000000000000e+02 1.122157803052571410e+02 9.045793105626927399e+00 1.031699871996302136e+02
6.250000000000000000e+02 1.066315891897246928e+02 8.510796875408857431e+00 9.812079231431583537e+01
6.300000000000000000e+02 1.034030979385660913e+02 8.030579356738442698e+00 9.537251858182764863e+01
6.350000000000000000e+02 1.022103358720607247e+02 7.611671028894690494e+00 9.459866484316603419e+01
6.400000000000000000e+02 1.020672284139685502e+02 7.258591115569743124e+00 9.480863729839880705e+01
6.450000000000000000e+02 1.008957158067739215e+02 6.968030497500777187e+00 9.392768530927314430e+01
6.500000000000000000e+02 9.650220634501347661e+01 6.715325573151886829e+00 8.978688077186158978e+01
6.550000000000000000e+02 8.866294191404369940e+01 6.465126506521087890e+00 8.219781540752261151e+01
6.600000000000000000e+02 7.947962023295767153e+01 6.200190787044761009e+00 7.327942944591291052e+01
6.650000000000000000e+02 7.219654897222180523e+01 5.925161404504720508e+00 6.627138756771708472e+01
6.700000000000000000e+02 6.591180999175288946e+01 5.653579593739010534e+00 6.025823039801387893e+01
6.750000000000000000e+02 6.094656323468628756e+01 5.388542841529805116e+00 5.555802039315648244e+01
6.800000000000000000e+02 5.766636915200673030e+01 5.136791609033338091e+00 5.252957754297339221e+01
6.850000000000000000e+02 5.561824032726055833e+01 4.907097406028050557e+00 5.071114292123250777e+01
6.900000000000000000e+02 5.394326083090039248e+01 4.699413892668260928e+00 4.924384693823213155e+01
6.950000000000000000e+02 5.186349665514637053e+01 4.508058440386712107e+00 4.735543821475965842e+01
7.000000000000000000e+02 4.928361962336632018e+01 4.323644367602405225e+00 4.495997525576391496e+01
7.050000000000000000e+02 4.720854377096975441e+01 4.144957382983257332e+00 4.306358638798649707e+01
7.100000000000000000e+02 4.593888574436545014e+01 3.980737500511857263e+00 4.195814824385359287e+01
7.150000000000000000e+02 4.424880952562178038e+01 3.828192218444826267e+00 4.042061730717695411e+01
7.200000000000000000e+02 4.192823222354293478e+01 3.679133514090047186e+00 3.824909870945288759e+01
7.250000000000000000e+02 3.992565777023060036e+01 3.529486149412271345e+00 3.639617162081832902e+01
7.300000000000000000e+02 3.892069755096940753e+01 3.384398149807950062e+00 3.553629940116145747e+01
7.350000000000000000e+02 3.861594247915123645e+01 3.249386559680985442e+00 3.536655591947025101e+01
7.400000000000000000e+02 3.842063591087567431e+01 3.122914483008045750e+00 3.529772142786762856e+01
7.450000000000000000e+02 3.839851617756744417e+01 3.001629852876604332e+00 3.539688632469083984e+01
7.500000000000000000e+02 3.882615986235575178e+01 2.886884301126578123e+00 3.593927556122917366e+01
7.550000000000000000e+02 3.951963882824391305e+01 2.779432616173650672e+00 3.674020621207026238e+01
7.600000000000000000e+02 4.009561663317889213e+01 2.680052116151074415e+00 3.741556451702781771e+01
7.650000000000000000e+02 4.038878517202544316e+01 2.582972333385079367e+00 3.780581283864036379e+01
7.700000000000000000e+02 4.101778323752982658e+01 2.485892213682333818e+00 3.853189102384749276e+01
7.750000000000000000e+02 4.285911155190874666e+01 2.390842021777999094e+00 4.046826953013074757e+01
7.800000000000000000e+02 4.626702046228471232e+01 2.303534799986948656e+00 4.396348566229776367e+01
7.850000000000000000e+02 5.076946039656481702e+01 2.229611703830386205e+00 4.853984869273443081e+01
7.900000000000000000e+02 5.499317714020231307e+01 2.171798024828497375e+00 5.282137911537381569e+01
7.950000000000000000e+02 5.730729396367542705e+01 2.122641444767012331e+00 5.518465251890841472e+01
8.000000000000000000e+02 5.724787408481775941e+01 2.072014531382023961e+00 5.517585955343573545e+01
