3.000000000000000000e+02 7.717820614612217014e+02 2.941565494764870436e+01 7.423664065135729970e+02
3.050000000000000000e+02 7.537691682853335351e+02 2.750678212760317365e+01 7.262623861577303614e+02
3.100000000000000000e+02 7.383229663610304669e+02 2.578445971532642034e+01 7.125385066457040466e+02
3.150000000000000000e+02 7.211924689914005739e+02 2.414558241608563094e+01 6.970468865753149430e+02
3.200000000000000000e+02 7.044433280896530505e+02 2.262755662892743658e+01 6.818157714607256139e+02
3.250000000000000000e+02 7.030161919914993405e+02 2.142457424122301290e+01 6.815916177502763276e+02
3.300000000000000000e+02 7.027402503476171205e+02 2.032439876956811986e+01 6.824158515780490006e+02
3.350000000000000000e+02 6.929048067158030335e+02 1.910244899397878271e+01 6.738023577218242508e+02
3.400000000000000000e+02 6.799152295693405677e+02 1.790101339286047732e+01 6.620142161764800903e+02
3.450000000000000000e+02 6.652966654165884393e+02 1.677117159604586050e+01 6.485254938205425788e+02
3.500000000000000000e+02 6.494278558399560097e+02 1.571161336738293812e+01 6.337162424725730716e+02
3.550000000000000000e+02 6.357022299352288428e+02 1.478686411148362367e+01 6.209153658237452191e+02
3.600000000000000000e+02 6.290157190866932524e+02 1.415093084148384150e+01 6.148647882452094109e+02
3.650000000000000000e+02 6.225139001123154685e+02 1.355264093724235863e+01 6.089612591750731099e+02
3.700000000000000000e+02 6.162610371786406631e+02 1.300585041954786902e+01 6.032551867590927941e+02
3.750000000000000000e+02 6.102179523147424334e+02 1.250823285688261421e+01 5.977097194578598192e+02
3.800000000000000000e+02 6.042718132636667860e+02 1.203725195091624300e+01 5.922345613127505430e+02
3.850000000000000000e+02 5.948358885045386160e+02 1.148162369743067757e+01 5.833542648071079384e+02
3.900000000000000000e+02 5.844359299366806226e+02 1.092259945397802312e+01 5.735133304827025995e+02
3.950000000000000000e+02 5.743314880612124398e+02 1.039734075718490658e+01 5.639341473040275332e+02
4.000000000000000000e+02 5.659964251502756269e+02 9.907866032495348918e+00 5.560885591177802780e+02
4.050000000000000000e+02 5.590394099833013115e+02 9.450945834770095644e+00 5.495884641485312159e+02
4.100000000000000000e+02 5.522935179993065731e+02 9.020774897771502765e+00 5.432727431015350703e+02
4.150000000000000000e+02 5.457106236087907973e+02 8.603203354443508033e+00 5.371074202543472893e+02
4.200000000000000000e+02 5.392665374958004350e+02 8.190888485365462657e+00 5.310756490104349723e+02
4.250000000000000000e+02 5.330177373579733739e+02 7.803065266335465822e+00 5.252146720916379081e+02
4.300000000000000000e+02 5.269550705159281279e+02 7.437975257080665870e+00 5.195170952588474620e+02
4.350000000000000000e+02 5.264542425429514196e+02 7.128119780127008198e+00 5.193261227628244114e+02
4.400000000000000000e+02 5.264250191274330746e+02 6.837969302762985535e+00 5.195870498246700890e+02
4.450000000000000000e+02 5.265495459736130215e+02 6.564213934862550559e+00 5.199853320387504709e+02
4.500000000000000000e+02 5.268229936587410975e+02 6.305921780733115156e+00 5.205170718780079824e+02
4.550000000000000000e+02 5.270953840178428891e+02 6.028947411751687468e+00 5.210664366060912016e+02
4.600000000000000000e+02 5.274287341520380323e+02 5.762520027274035783e+00 5.216662141247639966e+02
4.650000000000000000e+02 5.278311097225451931e+02 5.510071805330426287e+00 5.223210379172147668e+02
4.700000000000000000e+02 5.282934994706753287e+02 5.270910518607820450e+00 5.230225889520675082e+02
4.750000000000000000e+02 5.419643195491815959e+02 5.205159941939314194e+00 5.367591596072422817e+02
4.800000000000000000e+02 5.607715973073736677e+02 5.207284564889505418e+00 5.555643127424841623e+02
4.850000000000000000e+02 5.809121692729138431e+02 5.229593382203347574e+00 5.756825758907104955e+02
4.900000000000000000e+02 6.025050579693071313e+02 5.272967076310465018e+00 5.972320908929966663e+02
4.950000000000000000e+02 6.256808204695939821e+02 5.338635356531540310e+00 6.203421851130624418e+02
5.000000000000000000e+02 6.672672166176073461e+02 5.836558804865717320e+00 6.614306578127416287e+02
5.050000000000000000e+02 7.146084294049504706e+02 6.506776393506243039e+00 7.081016530114442276e+02
5.100000000000000000e+02 7.655570015637447341e+02 7.319125059113616771e+00 7.582378765046311173e+02
5.150000000000000000e+02 8.207161757457618023e+02 8.317520287821139391e+00 8.123986554579406629e+02
5.200000000000000000e+02 8.811120591633800814e+02 9.574596439902734346e+00 8.715374627234773470e+02
5.250000000000000000e+02 8.905681929819749030e+02 1.039017949530102669e+01 8.801780134866738763e+02
5.300000000000000000e+02 8.777692940991613568e+02 1.107813365490142132e+01 8.666911604442599355e+02
5.350000000000000000e+02 8.451284169514092355e+02 1.165529669423449377e+01 8.334731202571747417e+02
5.400000000000000000e+02 7.893380327599068096e+02 1.201908486769525553e+01 7.773189478922115541e+02
5.450000000000000000e+02 7.116415296130613797e+02 1.208389593636934478e+01 6.995576336766920349e+02
5.500000000000000000e+02 6.213644975356285158e+02 1.174567039676230706e+01 6.096188271388662088e+02
5.550000000000000000e+02 5.345756582244781612e+02 1.105884463710913224e+01 5.235168135873690289e+02
5.600000000000000000e+02 4.534372350336238355e+02 1.028618241903365060e+01 4.431510526145901849e+02
5.650000000000000000e+02 3.807808675399714957e+02 9.488267209461298535e+00 3.712926003305101972e+02
5.700000000000000000e+02 3.176629019446360758e+02 8.708172007099904022e+00 3.089547299375361717e+02
5.750000000000000000e+02 2.639358171789009475e+02 7.972622182897623588e+00 2.559631949960033239e+02
5.800000000000000000e+02 2.187857251560033092e+02 7.295284802169732075e+00 2.114904403538335771e+02
5.850000000000000000e+02 1.845276129275754329e+02 6.668293164521401195e+00 1.778593197630540317e+02
5.900000000000000000e+02 1.577112614917825226e+02 6.106489545729488100e+00 1.516047719460530345e+02
5.950000000000000000e+02 1.352716367914011926e+02 5.609757568487481194e+00 1.296618792229137114e+02
6.000000000000000000e+02 1.164031970071910962e+02 5.169349879353760002e+00 1.112338471278373362e+02
6.050000000000000000e+02 1.004779320084753351e+02 4.777315800901462239e+00 9.570061620757387288e+01
6.100000000000000000e+02 8.701087102099855031e+01 4.427062058019700430e+00 8.258380896297884988e+01
6.150000000000000000e+02 7.563686662046826825e+01 4.113000246888290690e+00 7.152386637357997756e+01
6.200000000000000000e+02 6.725010313883785784e+01 3.845278603484523217e+00 6.340482453535333462e+01
6.250000000000000000e+02 6.056692855353430360e+01 3.608608806976270955e+00 5.695831974655803265e+01
6.300000000000000000e+02 5.483650768837938472e+01 3.393987581439908752e+00 5.144252010693947597e+01
6.350000000000000000e+02 4.984744406930065708e+01 3.199507811428986770e+00 4.664793625787167031e+01
6.400000000000000000e+02 4.532758862994944593e+01 3.023190609627313563e+00 4.230439802032213237e+01
6.450000000000000000e+02 4.096920405001106502e+01 2.861994816867891700e+00 3.810720923314317332e+01
6.500000000000000000e+02 3.665598654889386410e+01 2.711746467044200415e+00 3.394424008184966368e+01
6.550000000000000000e+02 3.262691314548975896e+01 2.569814628997519890e+00 3.005709851649223907e+01
6.600000000000000000e+02 2.932841941286928744e+01 2.436923673092721288e+00 2.689149573977656615e+01
6.650000000000000000e+02 2.752831136430965842e+01 2.315797390751377804e+00 2.521251397355828061e+01
6.700000000000000000e+02 2.599655101134760926e+01 2.202644948658388557e+00 2.379390606268922070e+01
6.750000000000000000e+02 2.468860586585774541e+01 2.096675155877036900e+00 2.259193070998070851e+01
6.800000000000000000e+02 2.360106252722877684e+01 1.997121863535934239e+00 2.160394066369284261e+01
6.850000000000000000e+02 2.273972127084377348e+01 1.903483554197894279e+00 2.083623771664587920e+01
6.900000000000000000e+02 2.215251847357238191e+01 1.815279854714265895e+00 2.033723861885811601e+01
6.950000000000000000e+02 2.199472363580994738e+01 1.732311943791696507e+00 2.026241169201825087e+01
7.000000000000000000e+02 2.245633769035728378e+01 1.654999943588354228e+00 2.080133774676892955e+01
7.050000000000000000e+02 2.363800587685985377e+01 1.584937070349738519e+00 2.205306880651011525e+01
7.100000000000000000e+02 2.535302726558672148e+01 1.524431943335560646e+00 2.382859532225116084e+01
7.150000000000000000e+02 2.696508539794704262e+01 1.473195095852890546e+00 2.549189030209415208e+01
7.200000000000000000e+02 2.741383757468283733e+01 1.429843007663649246e+00 2.598399456701918808e+01
7.250000000000000000e+02 2.604735203094212537e+01 1.387486043147017512e+00 2.465986598779510786e+01
7.300000000000000000e+02 2.385136444146750634e+01 1.340851889561740506e+00 2.251051255190576583e+01
7.350000000000000000e+02 2.202211213576163118e+01 1.291576160021648434e+00 2.073053597573998275e+01
7.400000000000000000e+02 2.091434537098973223e+01 1.243151605474984933e+00 1.967119376551474730e+01
7.450000000000000000e+02 2.025370568227238977e+01 1.197732964428119828e+00 1.905597271784426994e+01
7.500000000000000000e+02 1.958486465992304204e+01 1.155210896352787842e+00 1.842965376357025420e+01
7.550000000000000000e+02 1.878627119090547737e+01 1.114318255980879968e+00 1.767195293492459740e+01
7.600000000000000000e+02 1.796945153967779163e+01 1.074832118761534616e+00 1.689461942091625701e+01
7.650000000000000000e+02 1.707179660748708017e+01 1.036554841698883678e+00 1.603524176578819649e+01
7.700000000000000000e+02 1.618638737699572161e+01 9.993037789160403861e-01 1.518708359807968122e+01
7.750000000000000000e+02 1.551832684866734624e+01 9.630823649450093171e-01 1.455524448372233692e+01
7.800000000000000000e+02 1.519701174395238930e+01 9.281234282674368785e-01 1.426888831568495242e+01
7.850000000000000000e+02 1.524595001696644125e+01 8.945124930402776897e-01 1.435143752392616356e+01
7.900000000000000000e+02 1.563613201485024007e+01 8.623945440620328640e-01 1.477373747078820720e+01
7.950000000000000000e+02 1.634901373546773584e+01 8.318959880216478808e-01 1.551711774744608796e+01
8.000000000000000000e+02 1.744118285827031656e+01 8.033373550511022643e-01 1.663784550321921429e+01
