3.000000000000000000e+02 2.618215227876372865e+03 3.077254531462708655e+02 2.310489774730101999e+03
3.050000000000000000e+02 2.546810359295836406e+03 2.878240393765986482e+02 2.258986319919237758e+03
3.100000000000000000e+02 2.484155454870112862e+03 2.698403423037339053e+02 2.214315112566378957e+03
3.150000000000000000e+02 2.416887095623565983e+03 2.526326833947946398e+02 2.164254412228771344e+03
3.200000000000000000e+02 2.351478469779736770e+03 2.366485276799976418e+02 2.114829942099739128e+03
3.250000000000000000e+02 2.335572047643135193e+03 2.243272762990563933e+02 2.111244771344078799e+03
3.300000000000000000e+02 2.324220251075458236e+03 2.130932132709608595e+02 2.111127037804497377e+03
3.350000000000000000e+02 2.283553164875070706e+03 2.003706445070370137e+02 2.083182520368033693e+03
3.400000000000000000e+02 2.233589140558367035e+03 1.877762092402583676e+02 2.045812931318108667e+03
3.450000000000000000e+02 2.178839810091409618e+03 1.758559256214380184e+02 2.002983884469971599e+03
3.500000000000000000e+02 2.120493693370420260e+03 1.646176921411549756e+02 1.955876001229265285e+03
3.550000000000000000e+02 2.069014372852182078e+03 1.547907203945133006e+02 1.914223652457668777e+03
3.600000000000000000e+02 2.038308639574042218e+03 1.479589996432207499e+02 1.890349639930821468e+03
3.650000000000000000e+02 2.008464439266634827e+03 1.415252768672180537e+02 1.866939162399416773e+03
3.700000000000000000e+02 1.979384951509519624e+03 1.356134586641342139e+02 1.843771492845385410e+03
3.750000000000000000e+02 1.950849392344551916e+03 1.301956778829353425e+02 1.820653714461616573e+03
3.800000000000000000e+02 1.922817217250977592e+03 1.250606819375727810e+02 1.797756535313404811e+03
3.850000000000000000e+02 1.885516974111550553e+03 1.190823163822672086e+02 1.766434657729283344e+03
3.900000000000000000e+02 1.846048564314511168e+03 1.130931443007386861e+02 1.732955420013772482e+03
3.950000000000000000e+02 1.807856937323097327e+03 1.074695423163018404e+02 1.700387395006795487e+03
4.000000000000000000e+02 1.775830171400085419e+03 1.022772210042960523e+02 1.673552950395789367e+03
4.050000000000000000e+02 1.748632654300829245e+03 9.746422408234934665e+01 1.651168430218479898e+03
4.100000000000000000e+02 1.722364413862832180e+03 9.293674660192300507e+01 1.629427667260909175e+03
4.150000000000000000e+02 1.697245290560565081e+03 8.856518611869250890e+01 1.608680104441872572e+03
4.200000000000000000e+02 1.673421502570894518e+03 8.428541012358186890e+01 1.589136092447312649e+03
4.250000000000000000e+02 1.650446923873229707e+03 8.026181725767810349e+01 1.570185106615551604e+03
4.300000000000000000e+02 1.628279378704780356e+03 7.647596710461903058e+01 1.551803411600161326e+03
4.350000000000000000e+02 1.624100447871211600e+03 7.336492816899976788e+01 1.550735519702211832e+03
4.400000000000000000e+02 1.621691100642713309e+03 7.046373642556272898e+01 1.551227364217150580e+03
4.450000000000000000e+02 1.620032798075196752e+03 6.773256986946125835e+01 1.552300228205735493e+03
4.500000000000000000e+02 1.619106845195166670e+03 6.516062057671729235e+01 1.553946224618449378e+03
4.550000000000000000e+02 1.620073993137918478e+03 6.245149992329106681e+01 1.557622493214627411e+03
4.600000000000000000e+02 1.621838113034261596e+03 5.985424184940893610e+01 1.561983871184852660e+03
4.650000000000000000e+02 1.624204525606008019e+03 5.739972842955421584e+01 1.566804797176453803e+03
4.700000000000000000e+02 1.627147610566976255e+03 5.507749797141536874e+01 1.572070112595560886e+03
4.750000000000000000e+02 1.668984444717538054e+03 5.464788914234782169e+01 1.614336555575190232e+03
4.800000000000000000e+02 1.726641417727021917e+03 5.499267082532264794e+01 1.671648746901699269e+03
4.850000000000000000e+02 1.789239614807291446e+03 5.560156688554752691e+01 1.733638047921743919e+03
4.900000000000000000e+02 1.857321887750721999e+03 5.649906565241644785e+01 1.800822822098305551e+03
4.950000000000000000e+02 1.931524113376881814e+03 5.771536414795014025e+01 1.873808749228931674e+03
5.000000000000000000e+02 2.037274001994766650e+03 6.326106487699439640e+01 1.974012937117772253e+03
5.050000000000000000e+02 2.142186131148233017e+03 7.040489171333547347e+01 2.071781239434897543e+03
5.100000000000000000e+02 2.234636954237803820e+03 7.861195482953962710e+01 2.156024999408264193e+03
5.150000000000000000e+02 2.304324202989144851e+03 8.784634538875934595e+01 2.216477857600385505e+03
5.200000000000000000e+02 2.337253438742032358e+03 9.793355813421385392e+01 2.239319880607818504e+03
5.250000000000000000e+02 2.202283026794505986e+03 9.991767747152380252e+01 2.102365349322982183e+03
5.300000000000000000e+02 2.017541315560510611e+03 9.916331354859244129e+01 1.918378002011918170e+03
5.350000000000000000e+02 1.811284702626532862e+03 9.692300873351496193e+01 1.714361693893017900e+03
5.400000000000000000e+02 1.594247727921032038e+03 9.336626402675460668e+01 1.500881463894277431e+03
5.450000000000000000e+02 1.377566966333836490e+03 8.876728004810456696e+01 1.288799686285731923e+03
5.500000000000000000e+02 1.180201405170549833e+03 8.325044375784682416e+01 1.096950961412703009e+03
5.550000000000000000e+02 1.018236729172207561e+03 7.724220920945947455e+01 9.409945199627480861e+02
5.600000000000000000e+02 8.753024144701258820e+02 7.149754244213227139e+01 8.038048720279936106e+02
5.650000000000000000e+02 7.505985205317897453e+02 6.610565832456268254e+01 6.844928622072270628e+02
5.700000000000000000e+02 6.426095729061738666e+02 6.110874491721892809e+01 5.815008279889549385e+02
5.750000000000000000e+02 5.495828226879833664e+02 5.651607692302690111e+01 4.930667457649564653e+02
5.800000000000000000e+02 4.697781679986119912e+02 5.232005796874841508e+01 4.174581100298635761e+02
5.850000000000000000e+02 4.081657755298175516e+02 4.845634547160591410e+01 3.597094300582116375e+02
5.900000000000000000e+02 3.585781159322152121e+02 4.495775588351921215e+01 3.136203600486959999e+02
5.950000000000000000e+02 3.155117777969869053e+02 4.180947964206723100e+01 2.737022981549196743e+02
6.000000000000000000e+02 2.778642203639748232e+02 3.895964365984596611e+01 2.389045767041288570e+02
6.050000000000000000e+02 2.450784270985694491e+02 3.636364959755428572e+01 2.087147775010151634e+02
6.100000000000000000e+02 2.169797028023172061e+02 3.399360880461597390e+01 1.829860939977012322e+02
6.150000000000000000e+02 1.934110068334674395e+02 3.183618989504404340e+01 1.615748169384233961e+02
6.200000000000000000e+02 1.761872737132374880e+02 2.997246478924807889e+01 1.462148089239894091e+02
6.250000000000000000e+02 1.622498732701778579e+02 2.831934263640832228e+01 1.339305306337695356e+02
6.300000000000000000e+02 1.493424145657030806e+02 2.681570050301095876e+01 1.225267140626921218e+02
6.350000000000000000e+02 1.366450380285102142e+02 2.542526755872236777e+01 1.112197704697878464e+02
6.400000000000000000e+02 1.244815003764458936e+02 2.411344106018080424e+01 1.003680593162650894e+02
6.450000000000000000e+02 1.138570848613920674e+02 2.286927767487668461e+01 9.098780718651538280e+01
6.500000000000000000e+02 1.055371553057490388e+02 2.169958642465006449e+01 8.383756888109897432e+01
6.550000000000000000e+02 9.981403190705529482e+01 2.061562569960341307e+01 7.919840620745188176e+01
6.600000000000000000e+02 9.712855815774982204e+01 1.963633732748124316e+01 7.749222083026857888e+01
6.650000000000000000e+02 9.763142499057506996e+01 1.880258761580127214e+01 7.882883737477379782e+01
6.700000000000000000e+02 9.638660150024595907e+01 1.808389368253766349e+01 7.830270781770829558e+01
6.750000000000000000e+02 9.062253750371371552e+01 1.741669196937665731e+01 7.320584553433705821e+01
6.800000000000000000e+02 8.213261654086964825e+01 1.673040137031107122e+01 6.540221517055857703e+01
6.850000000000000000e+02 7.436393184105976673e+01 1.603003420821818992e+01 5.833389763284157681e+01
6.900000000000000000e+02 6.863351659687789663e+01 1.535028260923174770e+01 5.328323398764614893e+01
6.950000000000000000e+02 6.442817222315430570e+01 1.471607063290895923e+01 4.971210159024534647e+01
7.000000000000000000e+02 6.036237184302294878e+01 1.413006402664754546e+01 4.623230781637540332e+01
7.050000000000000000e+02 5.586852076410285406e+01 1.357535790173007229e+01 4.229316286237278177e+01
7.100000000000000000e+02 5.184398622554172675e+01 1.304403851161222150e+01 3.879994771392950526e+01
7.150000000000000000e+02 4.825215765461474859e+01 1.253133191849723005e+01 3.572082573611751855e+01
7.200000000000000000e+02 4.529300375888129793e+01 1.204073244208990445e+01 3.325227131679139347e+01
7.250000000000000000e+02 4.293324749938549445e+01 1.157434182414886692e+01 3.135890567523662753e+01
7.300000000000000000e+02 4.106212006356849997e+01 1.113247791551480503e+01 2.992964214805369494e+01
7.350000000000000000e+02 3.955831087144494518e+01 1.071493522058706560e+01 2.884337565085787958e+01
7.400000000000000000e+02 3.827921364124267001e+01 1.031979128018688030e+01 2.795942236105578971e+01
7.450000000000000000e+02 3.712861090723933444e+01 9.945204353687014276e+00 2.718340655355232016e+01
7.500000000000000000e+02 3.613427730794303017e+01 9.589317558321980073e+00 2.654495974962105009e+01
7.550000000000000000e+02 3.532003152196783446e+01 9.251376390165248154e+00 2.606865513180258631e+01
7.600000000000000000e+02 3.468365395998774403e+01 8.933116010739592383e+00 2.575053794924815165e+01
7.650000000000000000e+02 3.405132397656719689e+01 8.630758224494652353e+00 2.542056575207254454e+01
7.700000000000000000e+02 3.335059110695421225e+01 8.343336084978062672e+00 2.500725502197614958e+01
7.750000000000000000e+02 3.252256798977849428e+01 8.068503829875741218e+00 2.445406415990275306e+01
7.800000000000000000e+02 3.165326828370972123e+01 7.804124125906056975e+00 2.384914415780366426e+01
7.850000000000000000e+02 3.090690793528600722e+01 7.549911296317748821e+00 2.335699663896825840e+01
7.900000000000000000e+02 3.031687835281383059e+01 7.307140917351951259e+00 2.300973743546187933e+01
7.950000000000000000e+02 2.977953711739748499e+01 7.075563753740404138e+00 2.270397336365708085e+01
8.000000000000000000e+02 2.915580080730187973e+01 6.854308806703521384e+00 2.230149200059835835e+01
