3.000000000000000000e+02 2.737056876742167901e+02 4.256138387495809638e+00 2.694495492867209805e+02
3.050000000000000000e+02 2.677610528026073666e+02 3.979821907893153821e+00 2.637812308947142128e+02
3.100000000000000000e+02 2.627501102326760929e+02 3.731197084726318280e+00 2.590189131479497746e+02
3.150000000000000000e+02 2.570476902732331155e+02 3.494153057643899274e+00 2.535535372155892162e+02
3.200000000000000000e+02 2.514456719199142185e+02 3.274591674367542282e+00 2.481710802455466762e+02
3.250000000000000000e+02 2.517338095665423339e+02 3.104358321806586218e+00 2.486294512447357477e+02
3.300000000000000000e+02 2.524185772076901628e+02 2.948672122281209340e+00 2.494699050854089535e+02
3.350000000000000000e+02 2.494381970186208264e+02 2.773351931665700931e+00 2.466648450869551255e+02
3.400000000000000000e+02 2.452182247392144347e+02 2.600296049239233298e+00 2.426179286899752015e+02
3.450000000000000000e+02 2.403127410617740054e+02 2.436949124338809725e+00 2.378757919374351957e+02
3.500000000000000000e+02 2.348749949862993560e+02 2.283392460182852801e+00 2.325916025261165032e+02
3.550000000000000000e+02 2.301797435492661066e+02 2.149364827290469293e+00 2.280303787219756373e+02
3.600000000000000000e+02 2.279694945704600855e+02 2.056943510593640667e+00 2.259125510598664448e+02
3.650000000000000000e+02 2.258122487321955703e+02 1.970065096298583285e+00 2.238421836358969870e+02
3.700000000000000000e+02 2.237122139984168996e+02 1.890510636097587849e+00 2.218217033623193117e+02
3.750000000000000000e+02 2.216533233821108411e+02 1.817986271099613305e+00 2.198353371110112278e+02
3.800000000000000000e+02 2.196190888738924514e+02 1.749348409873732635e+00 2.178697404640187187e+02
3.850000000000000000e+02 2.163394052695440735e+02 1.668625056173425492e+00 2.146707802133706480e+02
3.900000000000000000e+02 2.127108083683908433e+02 1.587425629745524702e+00 2.111233827386453186e+02
3.950000000000000000e+02 2.091804665982625977e+02 1.511209611447640100e+00 2.076692569868149576e+02
4.000000000000000000e+02 2.063261994270220043e+02 1.440320953170839857e+00 2.048858784738511645e+02
4.050000000000000000e+02 2.039937652232672747e+02 1.374347796758257800e+00 2.026194174265090169e+02
4.100000000000000000e+02 2.017268716849523571e+02 1.312146791290984993e+00 2.004147248936613721e+02
4.150000000000000000e+02 1.995268161882255811e+02 1.251862033111166284e+00 1.982749541551144148e+02
4.200000000000000000e+02 1.973947488584846326e+02 1.192439224371781847e+00 1.962023096341128507e+02
4.250000000000000000e+02 1.953219657126414006e+02 1.136455918537194520e+00 1.941855097941042061e+02
4.300000000000000000e+02 1.933059019833287664e+02 1.083746500318966355e+00 1.922221554830098000e+02
4.350000000000000000e+02 1.934147756805313634e+02 1.039427916836018539e+00 1.923753477636953448e+02
4.400000000000000000e+02 1.936941383494837510e+02 9.978689890231464688e-01 1.926962693604606045e+02
4.450000000000000000e+02 1.940227353853579757e+02 9.586951269538133147e-01 1.930640402584041624e+02
4.500000000000000000e+02 1.943996145432754190e+02 9.216771193308943566e-01 1.934779374239445247e+02
4.550000000000000000e+02 1.948294903165644030e+02 8.820620004751162924e-01 1.939474283160892867e+02
4.600000000000000000e+02 1.952839644917115720e+02 8.439576164900586264e-01 1.944400068752215134e+02
4.650000000000000000e+02 1.957580099453842308e+02 8.077917738037285744e-01 1.949502181715805023e+02
4.700000000000000000e+02 1.962488848208489856e+02 7.735236826984248637e-01 1.954753611381505607e+02
4.750000000000000000e+02 2.016711215647775362e+02 7.647725943195951004e-01 2.009063489704579410e+02
4.800000000000000000e+02 2.090296752685534045e+02 7.660830629686472548e-01 2.082635922055847573e+02
4.850000000000000000e+02 2.169109357607719915e+02 7.704664775303911028e-01 2.161404692832416004e+02
4.900000000000000000e+02 2.253656578970096405e+02 7.780063434237263209e-01 2.245876515535859141e+02
4.950000000000000000e+02 2.344501276765758462e+02 7.889569537715885872e-01 2.336611707228042576e+02
5.000000000000000000e+02 2.499693983234997745e+02 8.630120879624598729e-01 2.491063862355373146e+02
5.050000000000000000e+02 2.674570226982527856e+02 9.626643262425318426e-01 2.664943583720102538e+02
5.100000000000000000e+02 2.861304979569202374e+02 1.083910253561725767e+00 2.850465877033585116e+02
5.150000000000000000e+02 3.061015452773436323e+02 1.233700255999110595e+00 3.048678450213445217e+02
5.200000000000000000e+02 3.274267540755372465e+02 1.423463225063414939e+00 3.260032908504738316e+02
5.250000000000000000e+02 3.273911492686698352e+02 1.536911467726497449e+00 3.258542378009433378e+02
5.300000000000000000e+02 3.176506832431495582e+02 1.621595693211133948e+00 3.160290875499384242e+02
5.350000000000000000e+02 2.999738744094085519e+02 1.680790891151502819e+00 2.982930835182570490e+02
5.400000000000000000e+02 2.743962660980603800e+02 1.702959709564993318e+00 2.726933063884953867e+02
5.450000000000000000e+02 2.426482775861902610e+02 1.682296423914181105e+00 2.409659811622760799e+02
5.500000000000000000e+02 2.089667577087735140e+02 1.613098517614133698e+00 2.073536591911593803e+02
5.550000000000000000e+02 1.786387282177803115e+02 1.507254196894962206e+00 1.771314740208853493e+02
5.600000000000000000e+02 1.511235670938036151e+02 1.395967971825399445e+00 1.497275991219782156e+02
5.650000000000000000e+02 1.269473942540249567e+02 1.285644938620194466e+00 1.256617493154047622e+02
5.700000000000000000e+02 1.061687674856056702e+02 1.180452968360100385e+00 1.049883145172455698e+02
5.750000000000000000e+02 8.856021742968681565e+01 1.082697691377262572e+00 8.747751973830955308e+01
5.800000000000000000e+02 7.374901195229112716e+01 9.934829005875087660e-01 7.275552905170361839e+01
5.850000000000000000e+02 6.249965210617991573e+01 9.113040174830615570e-01 6.158834808869685418e+01
5.900000000000000000e+02 5.362761682165802313e+01 8.374444935368856591e-01 5.279017232812113747e+01
5.950000000000000000e+02 4.613519786044793847e+01 7.716053196446139850e-01 4.536359254080332448e+01
6.000000000000000000e+02 3.981940809918656754e+01 7.128074396024359771e-01 3.910660065958413156e+01
6.050000000000000000e+02 3.451309921355561272e+01 6.601188508210071859e-01 3.385298036273460554e+01
6.100000000000000000e+02 3.006353882516236453e+01 6.128843575721312220e-01 2.945065446759023331e+01
6.150000000000000000e+02 2.634158092428247144e+01 5.703904683335281334e-01 2.577119045594894331e+01
6.200000000000000000e+02 2.364752387585425453e+01 5.340212586404859962e-01 2.311350261721376853e+01
6.250000000000000000e+02 2.157162037398175158e+01 5.017614349972561172e-01 2.106985893898449547e+01
6.300000000000000000e+02 1.990162156309445862e+01 4.724614905986328495e-01 1.942916007249582577e+01
6.350000000000000000e+02 1.860449989544091309e+01 4.460837611424466331e-01 1.815841613429846646e+01
6.400000000000000000e+02 1.756918227179373559e+01 4.227347268492529508e-01 1.714644754494448264e+01
6.450000000000000000e+02 1.648658983214660267e+01 4.022955920479169833e-01 1.608429424009868569e+01
6.500000000000000000e+02 1.501318867586024730e+01 3.836055268657325712e-01 1.462958314899451473e+01
6.550000000000000000e+02 1.325983599225484078e+01 3.652716218208933441e-01 1.289456437043394743e+01
6.600000000000000000e+02 1.170548969862464794e+01 3.471544339976500027e-01 1.135833526462699794e+01
6.650000000000000000e+02 1.087886334092085505e+01 3.300877278153766525e-01 1.054877561310547840e+01
6.700000000000000000e+02 1.033026769740317619e+01 3.141946224557887746e-01 1.001607307494738741e+01
6.750000000000000000e+02 9.920529665765464244e+00 2.995864012860796066e-01 9.620943264479384638e+00
6.800000000000000000e+02 9.480934732450403857e+00 2.859629031462080917e-01 9.194971829304195765e+00
6.850000000000000000e+02 9.006439259820812282e+00 2.728742210559609305e-01 8.733565038764851352e+00
6.900000000000000000e+02 8.581452775806001299e+00 2.602590277545733244e-01 8.321193748051427974e+00
6.950000000000000000e+02 8.271312926012587496e+00 2.482135297542260588e-01 8.023099396258361438e+00
7.000000000000000000e+02 8.152886334085492237e+00 2.367782534644717884e-01 7.916108080621020449e+00
7.050000000000000000e+02 8.331431435843327904e+00 2.260212139309203394e-01 8.105410221912407565e+00
7.100000000000000000e+02 8.937020087036756877e+00 2.161928020684165119e-01 8.720827284968340365e+00
7.150000000000000000e+02 9.994780792135735226e+00 2.073495154023792253e-01 9.787431276733356000e+00
7.200000000000000000e+02 1.152856477938888347e+01 2.000094372549341415e-01 1.132855534213394932e+01
7.250000000000000000e+02 1.319699001538252503e+01 1.948802711094508311e-01 1.300210974427307420e+01
7.300000000000000000e+02 1.407711708786536597e+01 1.917210132272959555e-01 1.388539607463807002e+01
7.350000000000000000e+02 1.351481956737980639e+01 1.887030424671838347e-01 1.332611652491262255e+01
7.400000000000000000e+02 1.197641477138821031e+01 1.843810537675789618e-01 1.179203371762063135e+01
7.450000000000000000e+02 1.018945802251052868e+01 1.787942398192772231e-01 1.001066378269125146e+01
7.500000000000000000e+02 8.597393277855935878e+00 1.724947900705355863e-01 8.424898487785400292e+00
7.550000000000000000e+02 7.385649864536961928e+00 1.659636175708332217e-01 7.219686246966128707e+00
7.600000000000000000e+02 6.578103350527940485e+00 1.595972094060416069e-01 6.418506141121898878e+00
7.650000000000000000e+02 6.055096588329065277e+00 1.535152892038924577e-01 5.901581299125172819e+00
7.700000000000000000e+02 5.746435811443953767e+00 1.477583596947402711e-01 5.598677451749213496e+00
7.750000000000000000e+02 5.606704963556623511e+00 1.423092861153163469e-01 5.464395677441307164e+00
7.800000000000000000e+02 5.589428125166930883e+00 1.371570955180896334e-01 5.452271029648841250e+00
7.850000000000000000e+02 5.611580401095622506e+00 1.322532076780893462e-01 5.479327193417533159e+00
7.900000000000000000e+02 5.559148835203094663e+00 1.275799422375225589e-01 5.431568892965572104e+00
7.950000000000000000e+02 5.392403526269978542e+00 1.231082310352187292e-01 5.269295295234759813e+00
8.000000000000000000e+02 5.197145038293697006e+00 1.188332838865600039e-01 5.078311754407137002e+00
