3.000000000000000000e+02 2.740158530534397869e+03 2.724382845531695239e+02 2.467720245981228345e+03
3.050000000000000000e+02 2.715675609910009371e+03 2.638136537590744410e+02 2.451861956150934930e+03
3.100000000000000000e+02 2.689532968958771107e+03 2.554229629410865527e+02 2.434110006017684555e+03
3.150000000000000000e+02 2.646425106051495277e+03 2.463606394147423089e+02 2.400064466636752968e+03
3.200000000000000000e+02 2.599426920742026141e+03 2.373834467778096950e+02 2.362043473964216446e+03
3.250000000000000000e+02 2.579832361328398747e+03 2.293534185920066193e+02 2.350478942736392128e+03
3.300000000000000000e+02 2.563027002125291801e+03 2.218634668900763245e+02 2.341163535235215477e+03
3.350000000000000000e+02 2.510432253129014043e+03 2.120155320166945785e+02 2.298416721112319465e+03
3.400000000000000000e+02 2.443337007078444458e+03 2.015061138172245592e+02 2.241830893261219899e+03
3.450000000000000000e+02 2.381717794254845558e+03 1.920853418876754404e+02 2.189632452367170117e+03
3.500000000000000000e+02 2.325030841545066778e+03 1.836294536933355630e+02 2.141401387851731215e+03
3.550000000000000000e+02 2.270989349622177087e+03 1.756947721089713923e+02 2.095294577513205695e+03
3.600000000000000000e+02 2.228451620609543625e+03 1.688888529966889109e+02 2.059562767612854714e+03
3.650000000000000000e+02 2.185934544842588366e+03 1.623606574406658183e+02 2.023573887401922548e+03
3.700000000000000000e+02 2.147867977788176177e+03 1.566524243305027539e+02 1.991215553457673423e+03
3.750000000000000000e+02 2.115239540223014046e+03 1.518868014006206977e+02 1.963352738822393349e+03
3.800000000000000000e+02 2.081695489988767804e+03 1.472555176944301820e+02 1.934439972294337622e+03
3.850000000000000000e+02 2.040235603602820447e+03 1.419247973397311853e+02 1.898310806263089262e+03
3.900000000000000000e+02 1.995785769552413058e+03 1.364446781046347041e+02 1.859341091447778354e+03
3.950000000000000000e+02 1.951554126697960555e+03 1.311751317764721989e+02 1.820378994921488356e+03
4.000000000000000000e+02 1.912173326254486710e+03 1.268058808128680539e+02 1.785367445441618656e+03
4.050000000000000000e+02 1.876219726300490038e+03 1.231746897260443347e+02 1.753045036574445703e+03
4.100000000000000000e+02 1.839164985599547890e+03 1.196034785378453762e+02 1.719561507061702514e+03
4.150000000000000000e+02 1.799570136296505780e+03 1.159629933099020036e+02 1.683607142986603776e+03
4.200000000000000000e+02 1.756390047823005716e+03 1.121473921699664515e+02 1.644242655653039265e+03
4.250000000000000000e+02 1.712799767649999012e+03 1.084139499670370697e+02 1.604385817682961942e+03
4.300000000000000000e+02 1.668900932119425306e+03 1.047637456634311093e+02 1.564137186455994197e+03
4.350000000000000000e+02 1.624063224156590877e+03 1.006059515515364637e+02 1.523457272605054413e+03
4.400000000000000000e+02 1.579866734307693605e+03 9.655071386999361494e+01 1.483316020437699990e+03
4.450000000000000000e+02 1.536464333894425636e+03 9.266041921346572963e+01 1.443803914680959906e+03
4.500000000000000000e+02 1.493879243973688290e+03 8.893042621740687537e+01 1.404948817756281414e+03
4.550000000000000000e+02 1.450267693259386078e+03 8.507286845662633823e+01 1.365194824802759740e+03
4.600000000000000000e+02 1.407495432850538464e+03 8.133990287029337196e+01 1.326155529980245092e+03
4.650000000000000000e+02 1.365992803134626911e+03 7.778853208909845307e+01 1.288204271045528458e+03
4.700000000000000000e+02 1.325737248102572948e+03 7.440926927673990576e+01 1.251327978825833043e+03
4.750000000000000000e+02 1.292911699785784776e+03 7.148659900488701169e+01 1.221425100780897765e+03
4.800000000000000000e+02 1.263134769854315664e+03 6.880240306591304034e+01 1.194332366788402624e+03
4.850000000000000000e+02 1.233895485884979735e+03 6.623205674606765569e+01 1.167663429138912079e+03
4.900000000000000000e+02 1.205189427346995672e+03 6.377010785634752210e+01 1.141419319490648149e+03
4.950000000000000000e+02 1.177011729235948678e+03 6.141093507262826279e+01 1.115600794163320415e+03
5.000000000000000000e+02 1.155199137647224461e+03 5.919956942171302217e+01 1.095999568225511439e+03
5.050000000000000000e+02 1.135057828191190993e+03 5.709673191593287811e+01 1.077961096275258114e+03
5.100000000000000000e+02 1.115278940788824684e+03 5.508637950668548910e+01 1.060192561282139195e+03
5.150000000000000000e+02 1.095850796551193753e+03 5.316454582560413655e+01 1.042686250725589616e+03
5.200000000000000000e+02 1.076760089839471220e+03 5.132519283773990537e+01 1.025434897001731315e+03
5.250000000000000000e+02 1.073540848158069366e+03 5.016335392700966622e+01 1.023377494231059700e+03
5.300000000000000000e+02 1.073813793948029115e+03 4.920085365872091643e+01 1.024612940289308199e+03
5.350000000000000000e+02 1.074112048082336969e+03 4.830181512801368626e+01 1.025810232954323283e+03
5.400000000000000000e+02 1.074402280177760076e+03 4.746390435131752383e+01 1.026938375826442552e+03
5.450000000000000000e+02 1.074648138602778545e+03 4.668437781798070318e+01 1.027963760784797842e+03
5.500000000000000000e+02 1.069552090948888235e+03 4.611529498961397167e+01 1.023436795959274264e+03
5.550000000000000000e+02 1.048689327940601743e+03 4.595234753647298476e+01 1.002736980404128758e+03
5.600000000000000000e+02 1.024228072727871677e+03 4.576387692369360138e+01 9.784641958041780754e+02
5.650000000000000000e+02 9.960038827378423321e+02 4.554087129730851302e+01 9.504630114405338190e+02
5.700000000000000000e+02 9.638935271400257534e+02 4.527328226724455362e+01 9.186202448727811998e+02
5.750000000000000000e+02 9.278302254588611504e+02 4.495181324620921259e+01 8.828784122126519378e+02
5.800000000000000000e+02 8.878139103142855220e+02 4.456715586429197629e+01 8.432467544499935457e+02
5.850000000000000000e+02 8.088244322796474535e+02 4.365229558585224368e+01 7.651721366937952098e+02
5.900000000000000000e+02 7.048401394782698617e+02 4.215072840750860905e+01 6.626894110707612526e+02
5.950000000000000000e+02 6.049766701681036238e+02 4.041405061301281876e+01 5.645626195550908051e+02
6.000000000000000000e+02 5.115361409640716488e+02 3.852049134736546421e+01 4.730156496167061846e+02
6.050000000000000000e+02 4.259971444657993516e+02 3.654187021692240478e+01 3.894552742488769468e+02
6.100000000000000000e+02 3.490707788965729037e+02 3.453725538130862560e+01 3.145335235152642781e+02
6.150000000000000000e+02 2.809284680400277239e+02 3.254884299134801040e+01 2.483796250486797135e+02
6.200000000000000000e+02 2.413276110583153695e+02 3.053729927893397189e+01 2.107903117793813976e+02
6.250000000000000000e+02 2.175956406747074254e+02 2.865677507767725274e+01 1.889388655970301727e+02
6.300000000000000000e+02 1.970349196171515302e+02 2.695420875285827833e+01 1.700807108642932519e+02
6.350000000000000000e+02 1.788164888093214415e+02 2.540613518701115936e+01 1.534103536223102822e+02
6.400000000000000000e+02 1.625142263201886976e+02 2.398519918359434655e+01 1.385290271365943511e+02
6.450000000000000000e+02 1.482770829145702578e+02 2.267252968044094530e+01 1.256045532341293125e+02
6.500000000000000000e+02 1.364000948662167332e+02 2.146358193817795268e+01 1.149365129280387805e+02
6.550000000000000000e+02 1.268075818594998907e+02 2.036364713109520608e+01 1.064439347284046846e+02
6.600000000000000000e+02 1.189819780984593933e+02 1.938360255616912298e+01 9.959837554229027035e+01
6.650000000000000000e+02 1.135840374708189700e+02 1.854448453592775081e+01 9.503955293489121914e+01
6.700000000000000000e+02 1.071459321761922752e+02 1.775836426214350183e+01 8.938756791404877333e+01
6.750000000000000000e+02 1.001030956029224228e+02 1.700524436663808103e+01 8.309785123628434178e+01
6.800000000000000000e+02 9.324340268832631295e+01 1.628144163215880269e+01 7.696196105616751026e+01
6.850000000000000000e+02 8.696505450741469190e+01 1.559139020473554638e+01 7.137366430267914552e+01
6.900000000000000000e+02 8.118807197205305215e+01 1.493830536653194940e+01 6.624976660552110275e+01
6.950000000000000000e+02 7.572392122737670661e+01 1.431959742451464734e+01 6.140432380286205927e+01
7.000000000000000000e+02 7.056693177190520316e+01 1.373100811990166648e+01 5.683592365200353669e+01
7.050000000000000000e+02 6.597564155542019648e+01 1.317180776701619038e+01 5.280383378840400610e+01
7.100000000000000000e+02 6.298206779951465251e+01 1.265392560330704441e+01 5.032814219620760809e+01
7.150000000000000000e+02 6.037475896273010534e+01 1.216216544984784775e+01 4.821259351288225758e+01
7.200000000000000000e+02 5.810611743166526111e+01 1.169603329748363763e+01 4.641008413418162348e+01
7.250000000000000000e+02 5.611454373080027125e+01 1.125418464295168519e+01 4.486035908784858606e+01
7.300000000000000000e+02 5.434396155008723639e+01 1.083551976795697414e+01 4.350844178213026225e+01
7.350000000000000000e+02 5.275279608624942540e+01 1.043824764643190406e+01 4.231454843981752134e+01
7.400000000000000000e+02 5.130770441323881670e+01 1.006131596789482785e+01 4.124638844534398885e+01
7.450000000000000000e+02 4.997282974042291670e+01 9.703341661930480200e+00 4.026948807849243650e+01
7.500000000000000000e+02 4.871142090786877077e+01 9.363046007984060282e+00 3.934837489988471049e+01
7.550000000000000000e+02 4.749639390013601314e+01 9.039136286625165440e+00 3.845725761351084770e+01
7.600000000000000000e+02 4.626812853230813971e+01 8.736520396343017580e+00 3.753160813596512213e+01
7.650000000000000000e+02 4.507496240475563098e+01 8.448276544727221449e+00 3.662668586002840954e+01
7.700000000000000000e+02 4.393985685313445089e+01 8.172588264441493777e+00 3.576726858869295711e+01
7.750000000000000000e+02 4.286528848952447390e+01 7.908404172284278388e+00 3.495688431724019551e+01
7.800000000000000000e+02 4.184379118280050136e+01 7.655326949847584217e+00 3.418846423295291714e+01
7.850000000000000000e+02 4.086397586901406953e+01 7.412766813366133078e+00 3.345120905564793645e+01
7.900000000000000000e+02 3.992247074208741964e+01 7.179862201883416617e+00 3.274260854020400302e+01
7.950000000000000000e+02 3.903209505936312240e+01 6.955952052426653154e+00 3.207614300693646925e+01
8.000000000000000000e+02 3.821921467677610451e+01 6.740804467599030403e+00 3.147841020917707411e+01
