3.000000000000000000e+02 4.709978107630984709e+02 2.390586607256852858e+01 4.470919446905299424e+02
3.050000000000000000e+02 4.614872426169381470e+02 2.231566473335573164e+01 4.391715778835824153e+02
3.100000000000000000e+02 4.523204045140373637e+02 2.087645933701230661e+01 4.314439451770250571e+02
3.150000000000000000e+02 4.516405901909447493e+02 1.980168464962537200e+01 4.318389055413193773e+02
3.200000000000000000e+02 4.533380984059096477e+02 1.888115592965516498e+01 4.344569424762544827e+02
3.250000000000000000e+02 4.530043436928201004e+02 1.804868317333347250e+01 4.349556605194866279e+02
3.300000000000000000e+02 4.528350530375573726e+02 1.728401207610420443e+01 4.355510409614531682e+02
3.350000000000000000e+02 4.511842082312378466e+02 1.658032149553878298e+01 4.346038867356990636e+02
3.400000000000000000e+02 4.484607018630344442e+02 1.592629924228845084e+01 4.325344026207459933e+02
3.450000000000000000e+02 4.432576065298489993e+02 1.527751706282595023e+01 4.279800894670230491e+02
3.500000000000000000e+02 4.364039514221215086e+02 1.464121316759081992e+01 4.217627382545306887e+02
3.550000000000000000e+02 4.293203585624007133e+02 1.404018223559268108e+01 4.152801763268080322e+02
3.600000000000000000e+02 4.213770156887521807e+02 1.347150881754237162e+01 4.079055068712098091e+02
3.650000000000000000e+02 4.133923589060269705e+02 1.293061518316869751e+01 4.004617437228582730e+02
3.700000000000000000e+02 4.032998878688026707e+02 1.236466998582631049e+01 3.909352178829763602e+02
3.750000000000000000e+02 3.903902841600623219e+02 1.175456752871616573e+01 3.786357166313461562e+02
3.800000000000000000e+02 3.778998134140865091e+02 1.117817654650241366e+01 3.667216368675840954e+02
3.850000000000000000e+02 3.672610878328802073e+02 1.065864202160867080e+01 3.566024458112715365e+02
3.900000000000000000e+02 3.572447974634544607e+02 1.017226885558943650e+01 3.470725286078650242e+02
3.950000000000000000e+02 3.474732971913953179e+02 9.711219308705381081e+00 3.377620778826899368e+02
4.000000000000000000e+02 3.377349628844650624e+02 9.300895144826995420e+00 3.284340677396380670e+02
4.050000000000000000e+02 3.279946343105627875e+02 8.925431061177448555e+00 3.190692032493853389e+02
4.100000000000000000e+02 3.183781483671417618e+02 8.564768602006665787e+00 3.098133797651350960e+02
4.150000000000000000e+02 3.085175450694190431e+02 8.204408624519942350e+00 3.003131364448991008e+02
4.200000000000000000e+02 2.983492256385276846e+02 7.840054975065811504e+00 2.905091706634618731e+02
4.250000000000000000e+02 2.884945463983600575e+02 7.493098003113800587e+00 2.810014483952462570e+02
4.300000000000000000e+02 2.789504093098708495e+02 7.162678989926121176e+00 2.717877303199447283e+02
4.350000000000000000e+02 2.699380896084699089e+02 6.840989198187742204e+00 2.630971004102821666e+02
4.400000000000000000e+02 2.612935522346621724e+02 6.533967456683939190e+00 2.547595847779782332e+02
4.450000000000000000e+02 2.529529922095725851e+02 6.242685060796986818e+00 2.467103071487755983e+02
4.500000000000000000e+02 2.449072293922008896e+02 5.966248683060427993e+00 2.389409807091404616e+02
4.550000000000000000e+02 2.364766988022663270e+02 5.692094707924468366e+00 2.307846040943418586e+02
4.600000000000000000e+02 2.282417257253789842e+02 5.429979596967370981e+00 2.228117461284116132e+02
4.650000000000000000e+02 2.203627963294838423e+02 5.182288500420781929e+00 2.151805078290630604e+02
4.700000000000000000e+02 2.128230554850098883e+02 4.947884480833636189e+00 2.078751710041762522e+02
4.750000000000000000e+02 2.060513181251225205e+02 4.731199899511295826e+00 2.013201182256112247e+02
4.800000000000000000e+02 1.996495953744915539e+02 4.526841684966598223e+00 1.951227536895249557e+02
4.850000000000000000e+02 1.934907286322722939e+02 4.332876363510621331e+00 1.891578522687616726e+02
4.900000000000000000e+02 1.875649063680617985e+02 4.148887539805684810e+00 1.834160188282561137e+02
4.950000000000000000e+02 1.818626832172341210e+02 3.974127046242557526e+00 1.778885561709915635e+02
5.000000000000000000e+02 1.762836258215260727e+02 3.810072106813521486e+00 1.724735537147125513e+02
5.050000000000000000e+02 1.708873727650774015e+02 3.654474379918639215e+00 1.672328983851587623e+02
5.100000000000000000e+02 1.656889681558174061e+02 3.506407446347452606e+00 1.621825607094699535e+02
5.150000000000000000e+02 1.606809251313896141e+02 3.365352441224018776e+00 1.573155726901655953e+02
5.200000000000000000e+02 1.558558223122867332e+02 3.230975737643291268e+00 1.526248465746434420e+02
5.250000000000000000e+02 1.510922334864532104e+02 3.098855672775442827e+00 1.479933778136777676e+02
5.300000000000000000e+02 1.464912836582341527e+02 2.972301779428903501e+00 1.435189818788052492e+02
5.350000000000000000e+02 1.420749428180173197e+02 2.851995036897022828e+00 1.392229477811202969e+02
5.400000000000000000e+02 1.378346942010092278e+02 2.737719312538132499e+00 1.350969748884710953e+02
5.450000000000000000e+02 1.337620226000532284e+02 2.628943444745118541e+00 1.311330791553081099e+02
5.500000000000000000e+02 1.299369910336124008e+02 2.526229088125930389e+00 1.274107619454864704e+02
5.550000000000000000e+02 1.265927288763239744e+02 2.431183143137218394e+00 1.241615457331867560e+02
5.600000000000000000e+02 1.233585715329413688e+02 2.340373102129333915e+00 1.210181984308120349e+02
5.650000000000000000e+02 1.202304389378414413e+02 2.253712633163928558e+00 1.179767263046775128e+02
5.700000000000000000e+02 1.172042128936639216e+02 2.170947210351073409e+00 1.150332656833128482e+02
5.750000000000000000e+02 1.142761712556884390e+02 2.091884615462618058e+00 1.121842866402258210e+02
5.800000000000000000e+02 1.114425603239067613e+02 2.016262865693988715e+00 1.094262974582127725e+02
5.850000000000000000e+02 1.086222094962326281e+02 1.944289330546126848e+00 1.066779201656865013e+02
5.900000000000000000e+02 1.058416884887770379e+02 1.875781449218351327e+00 1.039659070395586866e+02
5.950000000000000000e+02 1.031504546211698994e+02 1.810102423501390945e+00 1.013403521976685084e+02
6.000000000000000000e+02 1.005451733128560221e+02 1.747163732337071451e+00 9.879800958051895066e+01
6.050000000000000000e+02 9.802294968814521781e+01 1.686890741309113650e+00 9.633605894683610416e+01
6.100000000000000000e+02 9.558080883004828365e+01 1.629162177839191372e+00 9.395164665220909228e+01
6.150000000000000000e+02 9.321583367203014348e+01 1.573798442678949527e+00 9.164203522935119395e+01
6.200000000000000000e+02 9.100818375613498290e+01 1.521340828538825463e+00 8.948684292759615744e+01
6.250000000000000000e+02 8.891824235199123905e+01 1.471542594945546512e+00 8.744669975704569254e+01
6.300000000000000000e+02 8.688626261143676288e+01 1.423666229197777966e+00 8.546259638223898492e+01
6.350000000000000000e+02 8.491060403424644676e+01 1.377621833599789625e+00 8.353298220064665713e+01
6.400000000000000000e+02 8.298959457428060205e+01 1.333411308183798383e+00 8.165618326609680366e+01
6.450000000000000000e+02 8.112162402893865476e+01 1.290910125671487663e+00 7.983071390326716710e+01
6.500000000000000000e+02 7.930500307338091659e+01 1.249988954691602316e+00 7.805501411868931427e+01
6.550000000000000000e+02 7.753833708750420328e+01 1.210693741809137691e+00 7.632764334569506559e+01
6.600000000000000000e+02 7.583623233678453346e+01 1.172613985037386897e+00 7.466361835174714656e+01
6.650000000000000000e+02 7.424642792942204039e+01 1.135034672203119044e+00 7.311139325721892135e+01
6.700000000000000000e+02 7.270282209297018028e+01 1.098936916467863512e+00 7.160388517650231677e+01
6.750000000000000000e+02 7.120379831395287340e+01 1.064266629674179399e+00 7.013953168427869400e+01
6.800000000000000000e+02 6.974772267269668191e+01 1.030920943972063242e+00 6.871680172872461867e+01
6.850000000000000000e+02 6.833316511553042005e+01 9.988711097678191209e-01 6.733429400576260093e+01
6.900000000000000000e+02 6.695865535429486215e+01 9.680677727766493490e-01 6.599058758151821280e+01
6.950000000000000000e+02 6.562285476703274867e+01 9.384498237798908349e-01 6.468440494325285783e+01
7.000000000000000000e+02 6.432438782308561542e+01 9.099227836796970337e-01 6.341446503940591839e+01
7.050000000000000000e+02 6.308749921908131597e+01 8.825181269435020681e-01 6.220498109213781390e+01
7.100000000000000000e+02 6.198357679541840781e+01 8.563277333092003119e-01 6.112724906210920750e+01
7.150000000000000000e+02 6.090700787999266197e+01 8.310626582452087519e-01 6.007594522174745322e+01
7.200000000000000000e+02 5.985701867606260151e+01 8.067042282676410991e-01 5.905031444779496042e+01
7.250000000000000000e+02 5.883285202061745167e+01 7.832800149052943084e-01 5.804957200571215736e+01
7.300000000000000000e+02 5.783363403202460518e+01 7.606717984682802580e-01 5.707296223355632492e+01
7.350000000000000000e+02 5.685865229750428540e+01 7.388629259581378506e-01 5.611978937154614755e+01
7.400000000000000000e+02 5.590720745092925625e+01 7.178699273786435242e-01 5.518933752355061273e+01
7.450000000000000000e+02 5.497848848852001424e+01 6.975401904539850761e-01 5.428094829806602917e+01
7.500000000000000000e+02 5.407192566715517046e+01 6.779698564894118817e-01 5.339395581066575858e+01
7.550000000000000000e+02 5.318681718202478237e+01 6.590734681973771103e-01 5.252774371382740526e+01
7.600000000000000000e+02 5.239638046827123219e+01 6.407175609949362638e-01 5.175566290727629593e+01
7.650000000000000000e+02 5.164145548812898312e+01 6.229449247605742812e-01 5.101851056336840884e+01
7.700000000000000000e+02 5.090277798344695270e+01 6.057942660767565712e-01 5.029698371737019613e+01
7.750000000000000000e+02 5.017988424902394229e+01 5.892193463083614802e-01 4.959066490271558081e+01
7.800000000000000000e+02 4.947235027227591786e+01 5.732152719398868612e-01 4.889913500033603100e+01
7.850000000000000000e+02 4.877976898252109095e+01 5.577619265465756371e-01 4.822200705597451531e+01
7.900000000000000000e+02 4.810170091340967247e+01 5.428122521735048167e-01 4.755888866123616765e+01
7.950000000000000000e+02 4.743779564434524332e+01 5.283720261009676733e-01 4.690942361824427564e+01
8.000000000000000000e+02 4.678761535442123431e+01 5.143981890156439363e-01 4.627321716540559038e+01
