3.000000000000000000e+02 8.356675103909559255e+01 1.045986657802785658e+00 8.252076438129280689e+01
3.050000000000000000e+02 7.875560537075101308e+01 9.817065504048230196e-01 7.777389882034619006e+01
3.100000000000000000e+02 7.415971844547620151e+01 9.208135995916677530e-01 7.323890484588453376e+01
3.150000000000000000e+02 6.932957891253160199e+01 8.445430956339237127e-01 6.848503581689767827e+01
3.200000000000000000e+02 6.494224803456415884e+01 7.764164251484686474e-01 6.416583160941569020e+01
3.250000000000000000e+02 6.094996024899072040e+01 7.153978671987033522e-01 6.023456238179201705e+01
3.300000000000000000e+02 5.731117446456801900e+01 6.605290752733807835e-01 5.665064538929463822e+01
3.350000000000000000e+02 5.600279887366546205e+01 6.102759556932184637e-01 5.539252291797224359e+01
3.400000000000000000e+02 5.497138155849700780e+01 5.643533756654903755e-01 5.440702818283151743e+01
3.450000000000000000e+02 5.391376628730276366e+01 5.224927318347667438e-01 5.339127355546799691e+01
3.500000000000000000e+02 5.283519619571607251e+01 4.842273504796494876e-01 5.235096884523642302e+01
3.550000000000000000e+02 5.196779744016364333e+01 4.514992700748550192e-01 5.151629817008878831e+01
3.600000000000000000e+02 5.238894549798128963e+01 4.333445774971664832e-01 5.195560092048412315e+01
3.650000000000000000e+02 5.285361229551964612e+01 4.166246958267549871e-01 5.243698759969289114e+01
3.700000000000000000e+02 5.336215333062644106e+01 4.012293582254713442e-01 5.296092397240096972e+01
3.750000000000000000e+02 5.391498867305234199e+01 3.871023701694724650e-01 5.352788630288286953e+01
3.800000000000000000e+02 5.451248140824674948e+01 3.741556193743988956e-01 5.413832578887235059e+01
3.850000000000000000e+02 5.344763524447238723e+01 3.639891410734392707e-01 5.308364610339894796e+01
3.900000000000000000e+02 5.150542873451467329e+01 3.545683450591212704e-01 5.115086038945555202e+01
3.950000000000000000e+02 4.938933590444347033e+01 3.449498873917633546e-01 4.904438601705170697e+01
4.000000000000000000e+02 4.711600070063904155e+01 3.351170846752253851e-01 4.678088361596381617e+01
4.050000000000000000e+02 4.470292887099359547e+01 3.250897747301664253e-01 4.437783909626342904e+01
4.100000000000000000e+02 4.216723063063230370e+01 3.148985816826197492e-01 4.185233204894968395e+01
4.150000000000000000e+02 3.934942938226340914e+01 3.026885436076156566e-01 3.904674083865579348e+01
4.200000000000000000e+02 3.626132709239802665e+01 2.871864184096111217e-01 3.597414067398841553e+01
4.250000000000000000e+02 3.332277968969303572e+01 2.721709450338565262e-01 3.305060874465917919e+01
4.300000000000000000e+02 3.054276419638248541e+01 2.576475618661646649e-01 3.028511663451632074e+01
4.350000000000000000e+02 2.793101367837117976e+01 2.436657711976693008e-01 2.768734790717351046e+01
4.400000000000000000e+02 2.549653402201763797e+01 2.302372292828565037e-01 2.526629679273478146e+01
4.450000000000000000e+02 2.324577398530930950e+01 2.173920201801777807e-01 2.302838196512913171e+01
4.500000000000000000e+02 2.118066290204023616e+01 2.051642454806170690e-01 2.097549865655961909e+01
4.550000000000000000e+02 1.959241621954434365e+01 1.931191569816910203e-01 1.939929706256265263e+01
4.600000000000000000e+02 1.822294761393797202e+01 1.818125941978259164e-01 1.804113501974014611e+01
4.650000000000000000e+02 1.699766049440232507e+01 1.712647796369424213e-01 1.682639571476538265e+01
4.700000000000000000e+02 1.590618701612373442e+01 1.614335543177691790e-01 1.574475346180596524e+01
4.750000000000000000e+02 1.493995030755846898e+01 1.522557068611067876e-01 1.478769460069736219e+01
4.800000000000000000e+02 1.409121905589693746e+01 1.437120741935498103e-01 1.394750698170338765e+01
4.850000000000000000e+02 1.335275216781247387e+01 1.357321175054746476e-01 1.321702005030699922e+01
4.900000000000000000e+02 1.271799258663295618e+01 1.283108751383945645e-01 1.258968171149456161e+01
4.950000000000000000e+02 1.218097311424216933e+01 1.213876059769027904e-01 1.205958550826526654e+01
5.000000000000000000e+02 1.181896893101207802e+01 1.150256818762311894e-01 1.170394324913584683e+01
5.050000000000000000e+02 1.153697017882711329e+01 1.091464006651428065e-01 1.142782377816197048e+01
5.100000000000000000e+02 1.130049732710303978e+01 1.037060379104648433e-01 1.119679128919257494e+01
5.150000000000000000e+02 1.109297039186245648e+01 9.867192477180353194e-02 1.099429846709065295e+01
5.200000000000000000e+02 1.089628889311570603e+01 9.399643063755291905e-02 1.080229246247815311e+01
5.250000000000000000e+02 1.069625694888065581e+01 8.962111783419146605e-02 1.060663583104646435e+01
5.300000000000000000e+02 1.048989945348029629e+01 8.550566614350962880e-02 1.040439378733678666e+01
5.350000000000000000e+02 1.029012169735126037e+01 8.156622393840606833e-02 1.020855547341285430e+01
5.400000000000000000e+02 1.012346595067815436e+01 7.778897773015458483e-02 1.004567697294799977e+01
5.450000000000000000e+02 1.002212124857772757e+01 7.418383240900539022e-02 9.947937416168722180e+00
5.500000000000000000e+02 1.001564613493837896e+01 7.074061801710662678e-02 9.944905516921272337e+00
5.550000000000000000e+02 1.013821926554255271e+01 6.755698491509676273e-02 1.007066228062745594e+01
5.600000000000000000e+02 1.037384561715583509e+01 6.463458564275548213e-02 1.030921103151307960e+01
5.650000000000000000e+02 1.071513004173447925e+01 6.199420551483392217e-02 1.065313583621964533e+01
5.700000000000000000e+02 1.114916869577373504e+01 5.965378687819189452e-02 1.108951490889554314e+01
5.750000000000000000e+02 1.164692662263918699e+01 5.762750507960667790e-02 1.158929911755958031e+01
5.800000000000000000e+02 1.215595758749942590e+01 5.596228212027298810e-02 1.209999530537915291e+01
5.850000000000000000e+02 1.259700554797080230e+01 5.463032492114017202e-02 1.254237522304966213e+01
5.900000000000000000e+02 1.287264402558195009e+01 5.356190034900976116e-02 1.281908212523294033e+01
5.950000000000000000e+02 1.289254328475850642e+01 5.267038317202121789e-02 1.283987290158648520e+01
6.000000000000000000e+02 1.260806020062819677e+01 5.181179639574295948e-02 1.255624840423245381e+01
6.050000000000000000e+02 1.203482844043793776e+01 5.085986657124230703e-02 1.198396857386669545e+01
6.100000000000000000e+02 1.124560918610846372e+01 4.973492411059332596e-02 1.119587426199787039e+01
6.150000000000000000e+02 1.033922739934877200e+01 4.837948031337901966e-02 1.029084791903539298e+01
6.200000000000000000e+02 9.408344125603576913e+00 4.688364112350384971e-02 9.361460484480073063e+00
6.250000000000000000e+02 8.556678958992112172e+00 4.525270368704248369e-02 8.511426255305069688e+00
6.300000000000000000e+02 7.787650634609496691e+00 4.356446658263291027e-02 7.744086168026863781e+00
6.350000000000000000e+02 7.112425980893649857e+00 4.189238074012724411e-02 7.070533600153522613e+00
6.400000000000000000e+02 6.530807547574012162e+00 4.025018619330644754e-02 6.490557361380705714e+00
6.450000000000000000e+02 6.036847187299945183e+00 3.865213087056229568e-02 5.998195056429382888e+00
6.500000000000000000e+02 5.622102832142412687e+00 3.711063416549009730e-02 5.584992197976922590e+00
6.550000000000000000e+02 5.277759284346779545e+00 3.563405751948867106e-02 5.242125226827290874e+00
6.600000000000000000e+02 4.995576971444398495e+00 3.422868356451136407e-02 4.961348287879887131e+00
6.650000000000000000e+02 4.768402495246492734e+00 3.289381207851338473e-02 4.735508683167979349e+00
6.700000000000000000e+02 4.590316013512747872e+00 3.162291963327934496e-02 4.558693093879468528e+00
6.750000000000000000e+02 4.456678812008743940e+00 3.040967608736178107e-02 4.426269135921382158e+00
6.800000000000000000e+02 4.363875366765524788e+00 2.927185601374215906e-02 4.334603510751782629e+00
6.850000000000000000e+02 4.309058788233892656e+00 2.818934029001063379e-02 4.280869447943882022e+00
6.900000000000000000e+02 4.289783798928385572e+00 2.716398226285399176e-02 4.262619816665531580e+00
6.950000000000000000e+02 4.303210043188187228e+00 2.620841634637294248e-02 4.277001626841814286e+00
7.000000000000000000e+02 4.345432051113419902e+00 2.532114699533938307e-02 4.320110904118080519e+00
7.050000000000000000e+02 4.410521992541291958e+00 2.447893241909859796e-02 4.386043060122193360e+00
7.100000000000000000e+02 4.490340415703442112e+00 2.370881929029966528e-02 4.466631596413142447e+00
7.150000000000000000e+02 4.572340070765464226e+00 2.299749988928656563e-02 4.549342570876177660e+00
7.200000000000000000e+02 4.642873571825211876e+00 2.233078117048137301e-02 4.620542790654730503e+00
7.250000000000000000e+02 4.691730582966746610e+00 2.171397200980074160e-02 4.670016610956945868e+00
7.300000000000000000e+02 4.712819312895028645e+00 2.112335399257858626e-02 4.691695958902450059e+00
7.350000000000000000e+02 4.706127016816982866e+00 2.054118138559246631e-02 4.685585835431390400e+00
7.400000000000000000e+02 4.677800759782849482e+00 1.997257428535270662e-02 4.657828185497496776e+00
7.450000000000000000e+02 4.638170728265752274e+00 1.940351368708714830e-02 4.618767214578665126e+00
7.500000000000000000e+02 4.598922113349319218e+00 1.886212032023593110e-02 4.580059993029083287e+00
7.550000000000000000e+02 4.570288811044542321e+00 1.832231262854655540e-02 4.551966498415995765e+00
7.600000000000000000e+02 4.559448545435559552e+00 1.779040029162004544e-02 4.541658145143939507e+00
7.650000000000000000e+02 4.569649465956927337e+00 1.727567779588223829e-02 4.552373788161045098e+00
7.700000000000000000e+02 4.600228987368303990e+00 1.679736847894464091e-02 4.583431618889359349e+00
7.750000000000000000e+02 4.646602752405761372e+00 1.633028322102614283e-02 4.630272469184735229e+00
7.800000000000000000e+02 4.700900432654873562e+00 1.590625655583810527e-02 4.684994176099035457e+00
7.850000000000000000e+02 4.752712673737048199e+00 1.550106064091316682e-02 4.737211613096135032e+00
7.900000000000000000e+02 4.790587448346000699e+00 1.513645108022032559e-02 4.775450997265780373e+00
7.950000000000000000e+02 4.803962844331115534e+00 1.476885053660481617e-02 4.789193993794510718e+00
8.000000000000000000e+02 4.785206585056870132e+00 1.443031720334886359e-02 4.770776267853521269e+00
